97,019
97,012
97,000
97,014
97,013
97,013
97,012
97,010
97,006
97,015
97,004
97,010
97,015
97,016
97,003
97,011
97,004
97,012
97,010
97,019
97,014
97,020
97,018
97,017
97,010
97,012
97,022
97,013
97,007
97,006
97,014
97,018
97,006
97,007
97,013
97,013
97,014
97,013
97,019
97,011
97,020
97,009
97,016
97,023
97,015
97,015
97,014
97,005
97,000
97,012
97,024
97,024
97,017
97,018
97,016
97,015
97,008
97,003
97,010
97,014
97,019
97,023
97,008
97,014
97,017
97,015
97,010
97,017
97,012
97,010
97,012
97,014
97,019
97,012
97,005
97,019
97,010
97,012
97,005
97,017
97,015
97,013
97,005
97,013
97,006
97,013
97,006
97,008
97,012
97,010
97,018
97,015
97,016
97,019
97,012
97,016
97,010
97,005
97,013
97,020
97,007
97,010
97,012
97,005
97,007
97,006
97,016
97,010
97,005
97,011
97,012
97,009
97,010
97,022
97,012
97,008
97,012
97,020
97,010
97,010
97,013
97,006
97,020
97,011
97,010
97,014
97,013
97,012
97,012
97,015
97,012
97,008
97,007
97,016
97,014
97,011
97,004
97,015
97,009
97,019
97,011
97,007
97,007
97,005
97,013
97,006
97,015
97,012
97,015
97,002
97,016
97,019
97,009
97,015
97,011
97,011
97,009
97,005
97,010
97,007
97,006
97,011
97,009
97,008
97,007
97,011
97,013
97,007
97,008
97,002
97,009
97,018
97,006
97,008
97,014
97,011
97,017
97,008
97,009
97,018
97,012
97,012
97,012
97,016
97,014
97,005
97,002
97,014
97,009
97,012
97,010
97,011
97,008
97,010
97,016
97,012
97,013
97,014
97,013
97,013
97,012
97,011
97,009
97,006
97,013
97,012
97,008
97,006
97,015
97,006
97,013
97,003
97,007
97,018
97,012
97,015
97,015
97,019
97,012
97,010
97,013
97,012
97,004
97,012
97,013
97,007
97,009
97,003
97,003
97,016
97,015
97,016
97,009
97,019
97,017
97,018
97,021
97,015
97,012
97,011
97,004
97,013
97,012
97,012
97,013
97,006
97,010
97,011
97,008
97,011
97,010
97,005
97,017
97,020
97,004
97,013
97,010
97,010
97,009
97,019
97,019
97,010
97,020
97,008
97,007
97,012
97,011
97,012
97,011
97,005
97,019
97,011
97,006
97,008
97,013
97,010
97,013
97,014
97,005
97,001
97,013
97,017
97,019
97,013
97,013
97,008
97,017
97,000
97,017
97,008
97,003
97,012
97,012
97,009
97,020
97,016
97,005
97,022
97,004
97,006
97,009
97,015
97,005
97,008
97,009
97,014
97,007
97,012
97,012
97,008
97,014
97,010
97,006
97,009
97,011
97,015
97,007
97,011
97,005
97,009
97,012
97,003
97,009
97,018
97,011
97,009
97,016
97,010
97,014
97,009
97,009
97,015
97,003
97,010
97,004
97,007
97,013
97,011
97,005
97,002
97,011
97,002
97,010
97,015
97,005
97,012
97,011
97,009
97,005
97,013
97,005
97,015
97,010
97,020
97,002
97,009
97,011
97,008
97,005
97,015
97,014
97,013
97,002
97,002
97,016
97,004
97,004
97,005
97,013
97,016
97,012
97,013
97,015
97,018
97,017
97,004
97,009
97,009
97,003
97,007
97,011
97,013
97,010
97,013
97,005
97,005
97,003
97,011
97,016
97,001
97,010
97,007
97,008
97,006
97,006
97,010
97,020
97,002
97,009
97,002
97,013
97,008
97,010
97,011
97,009
97,012
97,017
97,004
97,008
97,009
97,003
97,018
97,014
97,012
97,014
97,007
97,012
97,008
97,010
97,009
97,014
97,009
97,014
97,017
97,024
97,006
97,011
97,014
97,015
97,007
97,012
97,008
97,009
97,003
97,004
97,011
97,010
97,006
97,009
97,010
97,003
97,010
97,010
97,011
97,016
97,015
97,010
97,010
97,016
97,013
97,010
97,013
97,010
97,015
97,006
97,007
97,012
97,023
97,002
97,006
97,006
97,021
97,004
97,010
97,019
97,019
97,008
97,005
97,004
97,006
97,015
97,007
97,016
97,007
97,010
97,007
97,015
97,001
97,005
97,006
97,018
97,002
97,008
97,005
97,007
97,008
97,005
97,015
97,012
97,014
97,012
97,020
97,011
97,013
97,008
97,012
97,010
97,016
97,010
97,010
97,007
97,009
96,999
97,016
97,011
97,008
97,011
97,017
97,007
97,009
97,007
97,009
97,012
97,005
97,010
97,012
97,000
97,015
97,000
97,000
97,013
97,020
97,018
97,016
97,009
97,014
97,011
97,007
97,005
97,011
97,012
97,019
97,006
97,015
97,006
97,004
97,010
97,014
97,008
97,010
97,004
97,000
97,006
97,012
97,018
97,006
97,006
97,006
97,011
97,016
97,007
97,002
97,009
97,015
97,010
97,011
97,006
97,010
97,006
97,003
97,017
97,007
97,018
97,007
97,013
97,014
97,011
97,012
97,012
97,012
97,017
97,005
97,007
97,013
97,010
97,012
97,013
97,010
97,003
97,014
97,005
97,012
97,011
97,007
97,012
97,008
97,017
97,013
97,008
97,011
97,010
97,004
97,009
97,016
97,007
97,005
96,999
97,007
97,008
97,008
97,009
97,020
97,016
97,012
97,007
97,018
97,017
97,014
97,005
97,008
97,016
97,008
97,008
97,007
97,005
97,010
97,008
97,014
97,014
97,006
97,005
97,001
97,015
97,009
97,005
97,011
97,011
97,005
97,009
97,001
97,010
97,003
97,006
97,007
97,015
97,002
97,010
97,015
97,009
97,006
97,019
97,007
97,010
97,011
97,012
97,006
97,015
97,017
97,014
96,999
97,020
96,998
97,007
97,013
97,008
97,009
97,018
97,002
97,012
97,012
97,009
97,004
97,015
97,005
97,013
97,013
97,002
97,019
97,007
97,006
97,008
97,010
97,019
97,012
97,006
97,007
97,006
97,010
97,003
97,015
97,004
97,007
97,020
97,010
97,006
97,008
97,012
97,006
97,001
97,017
97,015
97,005
97,021
97,009
97,003
97,008
97,011
97,007
97,006
97,005
97,013
97,010
97,004
97,007
97,015
97,011
97,011
97,009
97,008
97,010
97,008
97,013
97,013
97,010
97,001
97,007
97,010
97,012
97,015
97,011
97,008
97,007
97,010
97,009
97,011
97,017
97,009
97,011
97,006
97,002
97,010
97,004
97,013
97,006
96,995
97,012
97,009
97,003
97,016
96,998
97,007
97,009
97,016
97,002
97,013
97,006
97,009
97,008
97,006
97,009
97,021
97,011
97,004
97,005
97,012
97,006
97,006
97,010
97,011
97,013
97,011
97,000
97,013
97,012
97,008
97,016
97,008
97,006
97,004
97,007
97,006
97,013
97,017
97,011
97,012
97,014
97,004
97,016
97,006
97,015
97,010
97,013
97,017
96,997
97,007
97,016
97,016
97,013
97,016
97,005
97,013
97,006
97,009
97,005
97,018
97,015
97,005
97,005
97,015
97,009
97,010
97,006
97,010
97,007
97,012
97,005
97,000
97,007
97,004
97,010
97,013
97,002
97,010
97,009
97,010
97,009
97,004
97,007
97,012
97,004
97,011
97,012
97,009
97,011
97,008
97,005
97,016
97,017
97,012
97,004
97,007
97,003
97,010
97,008
97,013
97,022
97,003
97,015
97,010
97,005
97,011
97,010
97,005
97,006
97,014
97,009
97,015
97,013
97,016
97,017
97,008
97,006
97,004
97,006
97,013
97,003
97,011
97,018
97,002
97,009
97,013
97,012
97,013
97,007
97,003
97,012
97,015
97,010
97,006
97,005
97,018
97,015
97,007
97,009
97,008
97,010
97,004
97,014
97,007
97,013
97,015
97,011
97,004
97,016
97,012
97,010
97,014
97,015
96,999
97,012
97,002
97,010
97,007
97,007
97,008
97,005
97,008
97,013
97,004
97,004
97,012
97,005
97,012
97,010
97,010
97,018
97,011
97,007
97,002
97,005
97,009
97,010
96,998
97,016
97,013
97,000
97,010
97,008
97,011
97,010
97,000
97,014
97,012
97,004
97,014
97,006
97,001
97,006
97,010
97,006
97,008
97,010
97,009
97,007
97,015
97,011
97,018
97,008
97,010
97,015
97,003
97,006
97,019
96,997
97,007
97,010
97,007
97,015
97,012
97,021
97,010
97,006
97,007
97,007
97,001
97,013
97,005
97,014
97,013
97,007
97,013
97,010
97,003
97,007
97,013
97,005
97,009
97,006
97,007
97,007
97,012
97,013
97,006
97,005
97,006
97,015
97,009
97,007
97,010
97,013
97,012
97,012
97,007
97,017
97,003
97,005
97,008
97,004
97,011
97,003
97,005
97,011
97,006
97,007
97,007
97,010
97,007
97,011
97,013
97,003
97,009
97,008
97,011
97,003
97,011
97,011
97,008
97,012
97,012
97,010
97,006
97,003
97,006
97,015
97,004
97,012
97,008
97,012
97,018
97,007
97,012
97,007
97,008
97,023
97,007
97,014
97,009
97,003
97,007
97,014
97,014
97,011
97,002
97,010
97,011
97,002
96,999
97,013
97,021
97,015
97,024
97,039
97,043
97,060
97,074
97,097
97,107
97,113
97,148
97,150
97,165
97,170
97,168
97,171
97,167
97,165
97,174
97,174
97,164
97,155
97,155
97,152
97,141
97,138
97,147
97,144
97,139
97,131
97,141
97,146
97,149
97,138
97,138
97,144
97,141
97,143
97,152
97,147
97,143
97,146
97,143
97,143
97,137
97,148
97,138
97,142
97,134
97,127
97,134
97,141
97,132
97,132
97,131
97,133
97,133
97,132
97,131
97,136
97,137
97,131
97,137
97,134
97,127
97,129
97,134
97,129
97,137
97,143
97,155
97,170
97,183
97,220
97,247
97,265
97,274
97,286
97,307
97,311
97,319
97,316
97,318
97,320
97,310
97,309
97,300
97,297
97,271
97,274
97,270
97,264
97,262
97,268
97,273
97,267
97,275
97,278
97,268
97,270
97,256
97,272
97,266
97,264
97,268
97,267
97,259
97,258
97,262
97,254
97,255
97,247
97,256
97,247
97,245
97,248
97,248
97,250
97,246
97,237
97,240
97,249
97,236
97,241
97,237
97,240
97,238
97,230
97,236
97,242
97,248
97,263
97,276
97,291
97,309
97,337
97,365
97,372
97,405
97,413
97,430
97,447
97,447
97,444
97,445
97,445
97,427
97,420
97,408
97,409
97,394
97,387
97,389
97,386
97,373
97,372
97,365
97,366
97,370
97,369
97,369
97,366
97,362
97,371
97,364
97,366
97,368
97,361
97,364
97,361
97,366
97,354
97,357
97,352
97,350
97,345
97,347
97,341
97,336
97,334
97,339
97,338
97,336
97,329
97,330
97,332
97,329
97,322
97,324
97,331
97,328
97,330
97,320
97,320
97,318
97,323
97,319
97,326
97,343
97,364
97,371
97,399
97,442
97,479
97,494
97,516
97,531
97,545
97,554
97,544
97,553
97,541
97,528
97,524
97,512
97,499
97,495
97,485
97,474
97,473
97,454
97,464
97,456
97,451
97,440
97,449
97,441
97,436
97,448
97,438
97,447
97,444
97,446
97,440
97,444
97,436
97,447
97,434
97,426
97,430
97,437
97,427
97,422
97,418
97,418
97,415
97,411
97,415
97,408
97,401
97,397
97,402
97,401
97,396
97,387
97,399
97,399
97,394
97,391
97,387
97,380
97,382
97,377
97,393
97,408
97,418
97,440
97,469
97,485
97,524
97,548
97,574
97,600
97,612
97,620
97,632
97,625
97,628
97,634
97,607
97,598
97,588
97,578
97,518
97,513
97,508
97,504
97,508
97,508
97,506
97,511
97,511
97,504
97,505
97,506
97,511
97,494
97,499
97,499
97,491
97,490
97,491
97,493
97,479
97,483
97,473
97,475
97,465
97,465
97,467
97,462
97,450
97,455
97,452
97,462
97,453
97,446
97,448
97,447
97,435
97,442
97,434
97,431
97,427
97,430
97,442
97,446
97,473
97,487
97,522
97,553
97,610
97,644
97,666
97,680
97,696
97,698
97,699
97,697
97,689
97,672
97,657
97,649
97,638
97,626
97,618
97,588
97,585
97,568
97,565
97,558
97,563
97,565
97,558
97,553
97,561
97,548
97,545
97,562
97,553
97,557
97,545
97,542
97,544
97,550
97,546
97,536
97,528
97,535
97,528
97,519
97,511
97,518
97,504
97,519
97,516
97,510
97,501
97,502
97,496
97,496
97,498
97,497
97,488
97,484
97,485
97,483
97,478
97,474
97,472
97,471
97,477
97,497
97,504
97,537
97,555
97,595
97,617
97,652
97,675
97,706
97,733
97,751
97,751
97,740
97,739
97,732
97,714
97,703
97,697
97,681
97,665
97,662
97,641
97,622
97,610
97,606
97,598
97,601
97,596
97,593
97,584
97,586
97,591
97,597
97,589
97,588
97,594
97,581
97,585
97,585
97,584
97,578
97,580
97,575
97,561
97,568
97,549
97,559
97,552
97,544
97,552
97,540
97,537
97,527
97,539
97,524
97,526
97,529
97,519
97,523
97,518
97,510
97,511
97,507
97,511
97,510
97,509
97,498
97,516
97,527
97,557
97,582
97,611
97,639
97,687
97,713
97,745
97,763
97,779
97,789
97,784
97,778
97,761
97,743
97,730
97,716
97,696
97,636
97,636
97,627
97,615
97,616
97,617
97,627
97,628
97,616
97,623
97,618
97,612
97,619
97,613
97,597
97,607
97,606
97,602
97,592
97,593
97,583
97,585
97,576
97,573
97,577
97,569
97,568
97,561
97,561
97,565
97,548
97,550
97,553
97,542
97,544
97,554
97,543
97,535
97,536
97,534
97,532
97,530
97,534
97,547
97,581
97,600
97,639
97,675
97,699
97,726
97,771
97,785
97,804
97,808
97,809
97,811
97,801
97,781
97,785
97,753
97,733
97,734
97,714
97,698
97,695
97,678
97,663
97,649
97,651
97,652
97,655
97,638
97,646
97,639
97,638
97,636
97,637
97,642
97,641
97,628
97,630
97,635
97,628
97,622
97,623
97,627
97,611
97,615
97,596
97,599
97,608
97,593
97,589
97,582
97,584
97,577
97,573
97,569
97,569
97,565
97,566
97,565
97,560
97,551
97,554
97,553
97,552
97,541
97,550
97,549
97,577
97,591
97,614
97,642
97,683
97,724
97,757
97,785
97,807
97,830
97,834
97,836
97,824
97,815
97,809
97,787
97,766
97,751
97,736
97,715
97,701
97,698
97,680
97,680
97,679
97,669
97,664
97,664
97,653
97,660
97,660
97,668
97,661
97,659
97,656
97,660
97,661
97,649
97,651
97,646
97,639
97,636
97,631
97,633
97,627
97,616
97,608
97,610
97,612
97,608
97,608
97,586
97,593
97,589
97,592
97,591
97,583
97,580
97,582
97,573
97,575
97,567
97,568
97,571
97,558
97,554
97,566
97,579
97,632
97,646
97,688
97,730
97,765
97,786
97,814
97,845
97,856
97,855
97,853
97,848
97,830
97,826
97,817
97,784
97,775
97,689
97,680
97,678
97,676
97,670
97,682
97,672
97,677
97,670
97,678
97,667
97,672
97,673
97,663
97,661
97,658
97,655
97,645
97,653
97,645
97,644
97,643
97,624
97,627
97,637
97,622
97,618
97,614
97,608
97,604
97,607
97,598
97,599
97,581
97,591
97,581
97,581
97,580
97,579
97,577
97,573
97,565
97,575
97,590
97,607
97,631
97,658
97,694
97,728
97,766
97,806
97,825
97,853
97,862
97,865
97,873
97,850
97,848
97,817
97,794
97,781
97,774
97,748
97,736
97,727
97,720
97,713
97,691
97,694
97,692
97,680
97,691
97,694
97,683
97,682
97,680
97,679
97,675
97,671
97,690
97,681
97,676
97,667
97,666
97,666
97,661
97,649
97,654
97,647
97,649
97,644
97,643
97,638
97,633
97,621
97,621
97,623
97,616
97,602
97,606
97,608
97,598
97,587
97,604
97,591
97,598
97,584
97,587
97,585
97,581
97,590
97,639
97,664
97,699
97,730
97,771
97,798
97,826
97,859
97,865
97,877
97,880
97,875
97,863
97,851
97,836
97,826
97,813
97,790
97,763
97,755
97,749
97,728
97,718
97,709
97,709
97,698
97,696
97,704
97,697
97,694
97,700
97,684
97,696
97,700
97,693
97,688
97,682
97,685
97,673
97,669
97,671
97,676
97,654
97,658
97,645
97,648
97,641
97,643
97,637
97,640
97,630
97,619
97,627
97,625
97,615
97,619
97,613
97,604
97,599
97,607
97,592
97,598
97,592
97,593
97,594
97,594
97,603
97,629
97,669
97,697
97,730
97,771
97,804
97,833
97,855
97,879
97,888
97,882
97,889
97,878
97,861
97,843
97,832
97,809
97,729
97,721
97,715
97,704
97,710
97,709
97,706
97,706
97,700
97,704
97,700
97,700
97,704
97,693
97,691
97,693
97,679
97,677
97,673
97,676
97,668
97,654
97,659
97,655
97,649
97,645
97,640
97,639
97,635
97,637
97,637
97,631
97,615
97,623
97,616
97,619
97,611
97,612
97,602
97,604
97,605
97,605
97,602
97,598
97,637
97,658
97,697
97,729
97,768
97,805
97,834
97,863
97,881
97,895
97,897
97,890
97,885
97,867
97,866
97,844
97,818
97,805
97,791
97,780
97,760
97,758
97,735
97,732
97,723
97,722
97,716
97,718
97,712
97,707
97,705
97,708
97,706
97,709
97,710
97,713
97,698
97,694
97,692
97,690
97,687
97,684
97,680
97,670
97,668
97,659
97,662
97,654
97,659
97,644
97,650
97,639
97,639
97,637
97,635
97,630
97,632
97,615
97,620
97,615
97,619
97,609
97,609
97,604
97,608
97,604
97,621
97,634
97,651
97,679
97,714
97,757
97,793
97,828
97,856
97,888
97,892
97,911
97,896
97,900
97,881
97,873
97,858
97,821
97,800
97,788
97,766
97,756
97,738
97,734
97,726
97,731
97,717
97,723
97,714
97,716
97,714
97,712
97,711
97,708
97,710
97,713
97,710
97,707
97,704
97,700
97,694
97,695
97,689
97,686
97,684
97,668
97,673
97,674
97,662
97,660
97,655
97,643
97,648
97,638
97,643
97,635
97,636
97,633
97,632
97,625
97,620
97,620
97,616
97,616
97,612
97,608
97,614
97,613
97,641
97,656
97,681
97,717
97,758
97,831
97,852
97,881
97,900
97,908
97,907
97,900
97,896
97,875
97,863
97,839
97,825
97,743
97,740
97,731
97,726
97,732
97,719
97,720
97,718
97,723
97,715
97,713
97,720
97,716
97,709
97,708
97,711
97,710
97,706
97,695
97,683
97,685
97,686
97,673
97,669
97,667
97,660
97,671
97,655
97,649
97,657
97,653
97,643
97,649
97,642
97,622
97,631
97,627
97,624
97,626
97,614
97,614
97,618
97,609
97,620
97,628
97,652
97,677
97,711
97,753
97,781
97,823
97,857
97,877
97,904
97,904
97,913
97,909
97,896
97,895
97,877
97,866
97,818
97,797
97,794
97,775
97,762
97,751
97,751
97,738
97,727
97,724
97,722
97,729
97,717
97,724
97,721
97,720
97,718
97,719
97,707
97,718
97,721
97,709
97,707
97,699
97,705
97,688
97,694
97,688
97,681
97,671
97,665
97,667
97,655
97,662
97,657
97,651
97,652
97,637
97,646
97,640
97,640
97,630
97,634
97,631
97,615
97,618
97,623
97,622
97,610
97,619
97,636
97,646
97,675
97,702
97,749
97,809
97,857
97,880
97,901
97,916
97,912
97,918
97,907
97,889
97,877
97,871
97,850
97,827
97,814
97,802
97,787
97,773
97,760
97,747
97,748
97,749
97,736
97,732
97,723
97,729
97,719
97,719
97,731
97,725
97,724
97,720
97,714
97,715
97,721
97,707
97,696
97,710
97,703
97,693
97,687
97,681
97,679
97,673
97,669
97,666
97,662
97,662
97,666
97,653
97,647
97,645
97,646
97,646
97,640
97,635
97,630
97,630
97,626
97,623
97,624
97,617
97,620
97,651
97,669
97,697
97,742
97,775
97,812
97,850
97,876
97,906
97,902
97,921
97,916
97,915
97,897
97,896
97,877
97,860
97,762
97,749
97,743
97,735
97,738
97,730
97,729
97,736
97,732
97,725
97,732
97,720
97,727
97,709
97,722
97,721
97,716
97,715
97,710
97,698
97,701
97,697
97,688
97,681
97,690
97,672
97,672
97,667
97,668
97,665
97,659
97,656
97,651
97,651
97,649
97,648
97,647
97,637
97,627
97,631
97,636
97,625
97,618
97,626
97,633
97,638
97,673
97,689
97,736
97,801
97,850
97,871
97,896
97,919
97,920
97,926
97,919
97,909
97,906
97,887
97,869
97,848
97,834
97,805
97,798
97,784
97,767
97,773
97,751
97,749
97,745
97,739
97,736
97,736
97,736
97,735
97,734
97,733
97,718
97,735
97,725
97,719
97,709
97,724
97,713
97,706
97,704
97,698
97,692
97,689
97,696
97,685
97,673
97,674
97,673
97,673
97,662
97,660
97,665
97,656
97,651
97,637
97,643
97,637
97,648
97,629
97,636
97,634
97,625
97,626
97,630
97,638
97,671
97,694
97,721
97,763
97,796
97,840
97,866
97,888
97,919
97,921
97,929
97,923
97,919
97,919
97,898
97,866
97,865
97,839
97,822
97,805
97,789
97,770
97,759
97,756
97,748
97,740
97,729
97,735
97,731
97,737
97,735
97,737
97,733
97,736
97,738
97,726
97,731
97,729
97,721
97,722
97,716
97,705
97,700
97,704
97,697
97,700
97,690
97,683
97,675
97,664
97,663
97,667
97,662
97,650
97,659
97,653
97,655
97,647
97,642
97,646
97,637
97,640
97,630
97,634
97,636
97,641
97,654
97,660
97,680
97,724
97,754
97,793
97,826
97,864
97,889
97,908
97,931
97,932
97,921
97,915
97,900
97,881
97,874
97,770
97,766
97,762
97,751
97,747
97,741
97,742
97,739
97,739
97,732
97,736
97,722
97,739
97,725
97,735
97,730
97,731
97,711
97,725
97,717
97,715
97,706
97,699
97,695
97,696
97,689
97,691
97,678
97,675
97,681
97,674
97,659
97,664
97,664
97,654
97,653
97,648
97,651
97,638
97,643
97,633
97,631
97,635
97,636
97,642
97,658
97,676
97,709
97,744
97,778
97,818
97,849
97,878
97,920
97,921
97,926
97,939
97,930
97,918
97,914
97,888
97,875
97,854
97,845
97,825
97,792
97,782
97,768
97,763
97,740
97,739
97,738
97,738
97,741
97,741
97,740
97,743
97,743
97,738
97,740
97,738
97,739
97,738
97,723
97,723
97,714
97,720
97,707
97,708
97,704
97,694
97,702
97,704
97,685
97,676
97,681
97,675
97,666
97,664
97,665
97,657
97,661
97,657
97,645
97,644
97,645
97,646
97,633
97,630
97,633
97,632
97,639
97,654
97,678
97,700
97,735
97,772
97,814
97,838
97,878
97,914
97,935
97,937
97,940
97,922
97,914
97,897
97,882
97,856
97,846
97,818
97,816
97,795
97,792
97,770
97,759
97,753
97,755
97,752
97,758
97,741
97,744
97,737
97,735
97,739
97,745
97,741
97,744
97,733
97,725
97,732
97,722
97,720
97,719
97,712
97,712
97,704
97,689
97,701
97,692
97,688
97,685
97,679
97,675
97,674
97,669
97,669
97,662
97,665
97,652
97,648
97,650
97,654
97,646
97,641
97,654
97,636
97,635
97,652
97,665
97,692
97,721
97,768
97,798
97,831
97,869
97,893
97,919
97,928
97,945
97,934
97,928
97,922
97,907
97,894
97,784
97,772
97,758
97,754
97,751
97,751
97,737
97,743
97,742
97,740
97,741
97,738
97,737
97,741
97,738
97,741
97,740
97,726
97,726
97,722
97,728
97,705
97,704
97,710
97,710
97,697
97,691
97,691
97,690
97,690
97,677
97,666
97,675
97,661
97,651
97,661
97,653
97,650
97,651
97,655
97,644
97,636
97,646
97,638
97,634
97,649
97,669
97,681
97,719
97,756
97,782
97,827
97,870
97,886
97,924
97,935
97,937
97,936
97,925
97,909
97,891
97,884
97,863
97,845
97,832
97,815
97,797
97,787
97,774
97,765
97,753
97,755
97,749
97,747
97,742
97,743
97,739
97,741
97,743
97,733
97,747
97,744
97,737
97,739
97,735
97,730
97,729
97,719
97,707
97,706
97,709
97,697
97,709
97,689
97,689
97,692
97,684
97,669
97,678
97,664
97,665
97,665
97,661
97,655
97,659
97,650
97,648
97,648
97,648
97,639
97,635
97,647
97,662
97,687
97,713
97,741
97,788
97,819
97,849
97,886
97,908
97,924
97,935
97,936
97,936
97,933
97,919
97,908
97,887
97,869
97,852
97,834
97,815
97,798
97,790
97,775
97,775
97,755
97,750
97,748
97,747
97,740
97,745
97,744
97,743
97,753
97,742
97,740
97,743
97,743
97,737
97,737
97,722
97,731
97,721
97,722
97,718
97,712
97,699
97,703
97,701
97,696
97,697
97,688
97,691
97,679
97,671
97,667
97,663
97,664
97,657
97,655
97,650
97,647
97,654
97,644
97,646
97,638
97,651
97,655
97,676
97,705
97,727
97,762
97,815
97,840
97,876
97,902
97,918
97,934
97,951
97,937
97,919
97,914
97,892
97,798
97,788
97,774
97,770
97,759
97,760
97,750
97,750
97,748
97,748
97,750
97,737
97,747
97,747
97,739
97,743
97,738
97,737
97,736
97,730
97,724
97,726
97,724
97,708
97,709
97,708
97,706
97,690
97,694
97,684
97,686
97,675
97,684
97,672
97,667
97,668
97,664
97,655
97,652
97,659
97,650
97,643
97,650
97,653
97,644
97,660
97,681
97,698
97,728
97,772
97,799
97,839
97,872
97,898
97,919
97,935
97,947
97,940
97,937
97,931
97,918
97,905
97,883
97,862
97,850
97,831
97,819
97,796
97,782
97,762
97,768
97,757
97,753
97,749
97,751
97,749
97,741
97,745
97,740
97,746
97,746
97,747
97,744
97,737
97,735
97,729
97,731
97,728
97,726
97,728
97,716
97,712
97,704
97,710
97,693
97,699
97,693
97,684
97,681
97,679
97,674
97,669
97,658
97,668
97,665
97,664
97,657
97,654
97,650
97,644
97,642
97,645
97,657
97,672
97,688
97,715
97,748
97,796
97,826
97,864
97,890
97,919
97,943
97,943
97,947
97,934
97,918
97,905
97,895
97,868
97,857
97,837
97,819
97,812
97,790
97,777
97,778
97,765
97,768
97,764
97,750
97,754
97,755
97,747
97,756
97,762
97,748
97,744
97,747
97,747
97,745
97,742
97,735
97,736
97,726
97,722
97,724
97,718
97,713
97,712
97,701
97,707
97,693
97,685
97,690
97,681
97,676
97,683
97,670
97,673
97,663
97,671
97,671
97,655
97,659
97,658
97,644
97,648
97,654
97,643
97,684
97,711
97,728
97,778
97,818
97,859
97,886
97,913
97,928
97,949
97,954
97,947
97,937
97,926
97,919
97,801
97,803
97,778
97,765
97,764
97,757
97,762
97,745
97,758
97,752
97,748
97,753
97,746
97,753
97,749
97,744
97,741
97,746
97,742
97,729
97,737
97,733
97,723
97,717
97,717
97,709
97,708
97,699
97,700
97,697
97,699
97,682
97,673
97,676
97,673
97,672
97,661
97,675
97,657
97,662
97,658
97,650
97,652
97,649
97,651
97,650
97,661
97,684
97,706
97,735
97,777
97,808
97,852
97,885
97,905
97,925
97,942
97,948
97,940
97,932
97,926
97,907
97,891
97,862
97,851
97,838
97,818
97,808
97,787
97,780
97,774
97,774
97,764
97,759
97,764
97,751
97,749
97,749
97,754
97,757
97,751
97,755
97,752
97,750
97,745
97,741
97,738
97,726
97,731
97,725
97,721
97,713
97,713
97,701
97,702
97,699
97,699
97,687
97,688
97,676
97,674
97,671
97,674
97,669
97,671
97,671
97,663
97,654
97,659
97,653
97,656
97,654
97,649
97,673
97,700
97,737
97,768
97,800
97,841
97,878
97,900
97,929
97,940
97,956
97,944
97,953
97,944
97,936
97,907
97,894
97,879
97,859
97,848
97,822
97,805
97,798
97,785
97,778
97,766
97,762
97,756
97,757
97,759
97,754
97,752
97,758
97,743
97,749
97,751
97,750
97,742
97,744
97,744
97,742
97,739
97,737
97,731
97,721
97,720
97,717
97,709
97,704
97,701
97,696
97,691
97,684
97,678
97,674
97,682
97,682
97,672
97,669
97,674
97,665
97,655
97,649
97,646
97,642
97,654
97,664
97,674
97,697
97,735
97,750
97,785
97,826
97,863
97,891
97,921
97,939
97,948
97,954
97,940
97,944
97,934
97,816
97,809
97,792
97,774
97,772
97,763
97,762
97,761
97,748
97,748
97,757
97,750
97,758
97,759
97,754
97,762
97,745
97,748
97,743
97,744
97,737
97,730
97,726
97,724
97,726
97,715
97,719
97,700
97,704
97,699
97,697
97,691
97,686
97,694
97,675
97,664
97,685
97,664
97,681
97,670
97,672
97,664
97,662
97,655
97,652
97,655
97,668
97,686
97,707
97,750
97,783
97,818
97,863
97,892
97,914
97,929
97,947
97,956
97,952
97,940
97,930
97,916
97,897
97,894
97,875
97,852
97,831
97,820
97,815
97,793
97,791
97,780
97,770
97,768
97,762
97,753
97,756
97,755
97,750
97,743
97,753
97,754
97,752
97,752
97,751
97,741
97,734
97,745
97,735
97,734
97,724
97,732
97,719
97,719
97,713
97,712
97,706
97,700
97,692
97,687
97,687
97,687
97,677
97,675
97,680
97,671
97,665
97,664
97,657
97,651
97,658
97,645
97,663
97,657
97,693
97,715
97,736
97,770
97,800
97,847
97,879
97,912
97,928
97,946
97,955
97,955
97,952
97,944
97,932
97,893
97,866
97,857
97,842
97,827
97,806
97,797
97,783
97,780
97,771
97,764
97,761
97,757
97,763
97,753
97,761
97,761
97,751
97,756
97,752
97,755
97,747
97,755
97,750
97,748
97,735
97,737
97,727
97,735
97,726
97,722
97,714
97,699
97,716
97,701
97,689
97,697
97,695
97,680
97,683
97,682
97,682
97,669
97,672
97,669
97,663
97,665
97,661
97,665
97,648
97,657
97,662
97,682
97,701
97,736
97,811
97,829
97,870
97,902
97,927
97,938
97,957
97,964
97,959
97,949
97,930
97,829
97,817
97,808
97,786
97,794
97,777
97,762
97,773
97,766
97,755
97,764
97,757
97,760
97,758
97,761
97,754
97,756
97,758
97,748
97,750
97,744
97,753
97,742
97,739
97,722
97,721
97,718
97,714
97,713
97,703
97,697
97,701
97,691
97,695
97,684
97,683
97,674
97,677
97,680
97,672
97,663
97,661
97,664
97,662
97,663
97,655
97,664
97,668
97,692
97,725
97,747
97,798
97,825
97,856
97,898
97,920
97,941
97,954
97,956
97,954
97,950
97,927
97,906
97,889
97,875
97,856
97,836
97,821
97,813
97,798
97,781
97,781
97,768
97,765
97,768
97,762
97,755
97,749
97,754
97,753
97,760
97,758
97,757
97,751
97,751
97,755
97,750
97,747
97,756
97,733
97,732
97,724
97,719
97,714
97,712
97,713
97,700
97,699
97,700
97,695
97,693
97,690
97,685
97,678
97,672
97,677
97,679
97,672
97,669
97,671
97,660
97,658
97,651
97,653
97,667
97,695
97,726
97,782
97,820
97,860
97,887
97,921
97,937
97,942
97,955
97,961
97,949
97,947
97,924
97,908
97,905
97,889
97,868
97,850
97,830
97,811
97,805
97,789
97,784
97,785
97,767
97,775
97,768
97,762
97,755
97,771
97,755
97,755
97,756
97,743
97,756
97,749
97,755
97,748
97,749
97,740
97,741
97,736
97,733
97,732
97,724
97,717
97,706
97,708
97,700
97,704
97,697
97,698
97,694
97,685
97,686
97,680
97,668
97,668
97,671
97,664
97,665
97,656
97,663
97,662
97,662
97,684
97,703
97,733
97,777
97,808
97,841
97,872
97,904
97,923
97,940
97,954
97,967
97,954
97,944
97,834
97,815
97,806
97,803
97,778
97,781
97,773
97,770
97,765
97,765
97,761
97,756
97,759
97,761
97,757
97,761
97,754
97,757
97,750
97,757
97,740
97,740
97,738
97,730
97,739
97,732
97,725
97,721
97,716
97,710
97,713
97,700
97,692
97,698
97,691
97,682
97,681
97,674
97,684
97,671
97,683
97,675
97,664
97,674
97,672
97,653
97,656
97,672
97,679
97,705
97,759
97,805
97,843
97,869
97,898
97,925
97,950
97,952
97,955
97,962
97,945
97,945
97,938
97,905
97,898
97,877
97,854
97,837
97,824
97,811
97,797
97,797
97,788
97,772
97,763
97,775
97,762
97,755
97,757
97,770
97,764
97,756
97,753
97,752
97,749
97,765
97,756
97,749
97,748
97,737
97,740
97,730
97,731
97,720
97,729
97,710
97,711
97,712
97,708
97,695
97,694
97,697
97,691
97,681
97,682
97,682
97,670
97,674
97,664
97,671
97,663
97,653
97,663
97,667
97,675
97,695
97,722
97,759
97,792
97,829
97,851
97,897
97,923
97,931
97,958
97,957
97,956
97,944
97,942
97,949
97,922
97,900
97,891
97,854
97,835
97,815
97,799
97,790
97,786
97,778
97,771
97,772
97,769
97,768
97,766
97,760
97,758
97,756
97,755
97,756
97,753
97,760
97,756
97,749
97,755
97,753
97,739
97,740
97,736
97,731
97,730
97,724
97,720
97,719
97,706
97,693
97,694
97,703
97,693
97,691
97,689
97,674
97,678
97,671
97,677
97,678
97,668
97,672
97,670
97,651
97,663
97,682
97,686
97,717
97,747
97,780
97,813
97,852
97,909
97,933
97,947
97,961
97,954
97,961
97,951
97,846
97,837
97,823
97,815
97,801
97,784
97,777
97,775
97,777
97,777
97,765
97,761
97,766
97,757
97,766
97,757
97,757
97,758
97,755
97,749
97,752
97,758
97,744
97,738
97,733
97,732
97,735
97,735
97,718
97,705
97,709
97,708
97,703
97,698
97,703
97,695
97,696
97,690
97,679
97,679
97,676
97,677
97,665
97,666
97,672
97,664
97,661
97,671
97,687
97,706
97,739
97,767
97,796
97,841
97,876
97,908
97,926
97,946
97,954
97,958
97,957
97,962
97,947
97,933
97,923
97,880
97,871
97,848
97,836
97,816
97,806
97,801
97,800
97,778
97,769
97,769
97,768
97,762
97,767
97,763
97,760
97,763
97,762
97,761
97,753
97,757
97,758
97,753
97,750
97,756
97,745
97,742
97,739
97,730
97,724
97,724
97,710
97,720
97,703
97,700
97,700
97,701
97,691
97,692
97,693
97,689
97,680
97,677
97,675
97,662
97,669
97,667
97,667
97,657
97,671
97,687
97,701
97,733
97,762
97,797
97,826
97,893
97,921
97,951
97,951
97,961
97,955
97,956
97,942
97,932
97,919
97,898
97,883
97,875
97,858
97,839
97,820
97,810
97,791
97,785
97,778
97,779
97,771
97,773
97,764
97,762
97,763
97,762
97,760
97,768
97,766
97,761
97,759
97,754
97,753
97,750
97,748
97,740
97,729
97,743
97,734
97,728
97,716
97,722
97,720
97,710
97,704
97,700
97,695
97,698
97,690
97,692
97,695
97,680
97,667
97,678
97,671
97,672
97,659
97,670
97,669
97,687
97,692
97,711
97,763
97,779
97,821
97,859
97,884
97,918
97,935
97,954
97,968
97,960
97,952
97,857
97,839
97,827
97,818
97,806
97,788
97,783
97,775
97,771
97,765
97,765
97,759
97,760
97,768
97,769
97,760
97,763
97,757
97,763
97,756
97,760
97,762
97,750
97,751
97,735
97,743
97,735
97,734
97,724
97,719
97,715
97,711
97,716
97,712
97,703
97,703
97,702
97,691
97,689
97,682
97,686
97,682
97,674
97,668
97,666
97,671
97,668
97,667
97,682
97,690
97,717
97,750
97,774
97,819
97,882
97,911
97,934
97,956
97,957
97,967
97,970
97,963
97,946
97,932
97,915
97,893
97,895
97,868
97,849
97,830
97,816
97,809
97,789
97,787
97,770
97,776
97,769
97,767
97,767
97,762
97,762
97,759
97,756
97,757
97,759
97,754
97,761
97,753
97,749
97,755
97,748
97,743
97,731
97,733
97,730
97,724
97,727
97,713
97,715
97,717
97,707
97,704
97,697
97,700
97,685
97,695
97,684
97,692
97,685
97,672
97,679
97,677
97,659
97,667
97,674
97,691
97,700
97,737
97,762
97,799
97,831
97,873
97,900
97,930
97,942
97,959
97,964
97,962
97,960
97,957
97,936
97,919
97,906
97,889
97,872
97,841
97,844
97,817
97,794
97,795
97,779
97,774
97,778
97,767
97,768
97,768
97,767
97,768
97,767
97,769
97,763
97,764
97,757
97,756
97,755
97,755
97,749
97,754
97,738
97,737
97,738
97,733
97,733
97,723
97,728
97,714
97,705
97,703
97,702
97,700
97,692
97,690
97,680
97,688
97,683
97,679
97,675
97,671
97,667
97,665
97,666
97,673
97,679
97,701
97,726
97,755
97,791
97,829
97,859
97,899
97,919
97,944
97,958
97,967
97,956
97,876
97,847
97,842
97,818
97,819
97,790
97,785
97,783
97,785
97,778
97,779
97,777
97,765
97,768
97,764
97,770
97,757
97,764
97,764
97,763
97,764
97,752
97,758
97,749
97,748
97,739
97,739
97,737
97,729
97,735
97,719
97,725
97,713
97,707
97,708
97,712
97,701
97,697
97,692
97,695
97,691
97,676
97,679
97,680
97,671
97,663
97,662
97,668
97,681
97,703
97,712
97,748
97,777
97,813
97,854
97,889
97,918
97,938
97,955
97,951
97,969
97,962
97,961
97,952
97,932
97,913
97,895
97,876
97,871
97,848
97,822
97,811
97,796
97,786
97,783
97,779
97,782
97,772
97,764
97,762
97,769
97,764
97,771
97,760
97,769
97,758
97,764
97,756
97,762
97,755
97,758
97,745
97,745
97,741
97,736
97,736
97,731
97,729
97,720
97,706
97,707
97,708
97,701
97,694
97,693
97,689
97,690
97,681
97,684
97,683
97,674
97,677
97,669
97,667
97,665
97,669
97,689
97,712
97,743
97,782
97,808
97,847
97,875
97,903
97,924
97,960
97,963
97,952
97,954
97,950
97,938
97,918
97,906
97,893
97,868
97,860
97,846
97,829
97,819
97,804
97,791
97,782
97,781
97,779
97,771
97,764
97,764
97,768
97,763
97,769
97,764
97,761
97,770
97,764
97,746
97,751
97,761
97,755
97,751
97,738
97,747
97,739
97,729
97,727
97,719
97,719
97,715
97,713
97,709
97,709
97,695
97,695
97,691
97,694
97,682
97,686
97,686
97,682
97,677
97,671
97,669
97,677
97,686
97,709
97,737
97,761
97,792
97,832
97,867
97,905
97,930
97,946
97,965
97,965
97,977
97,875
97,876
97,847
97,828
97,810
97,793
97,786
97,779
97,778
97,767
97,775
97,775
97,771
97,766
97,774
97,762
97,759
97,767
97,763
97,769
97,755
97,762
97,752
97,752
97,755
97,749
97,748
97,739
97,736
97,733
97,726
97,716
97,719
97,711
97,705
97,703
97,700
97,688
97,694
97,690
97,686
97,684
97,679
97,676
97,683
97,670
97,665
97,676
97,674
97,683
97,699
97,727
97,757
97,784
97,821
97,854
97,885
97,941
97,956
97,963
97,962
97,964
97,959
97,950
97,928
97,913
97,897
97,884
97,860
97,849
97,841
97,814
97,813
97,800
97,785
97,786
97,779
97,771
97,770
97,767
97,769
97,771
97,770
97,772
97,773
97,769
97,761
97,764
97,765
97,762
97,752
97,756
97,748
97,739
97,748
97,736
97,734
97,732
97,719
97,722
97,725
97,707
97,704
97,699
97,700
97,694
97,692
97,686
97,690
97,684
97,677
97,672
97,677
97,672
97,674
97,682
97,700
97,719
97,733
97,777
97,814
97,843
97,878
97,911
97,937
97,954
97,969
97,974
97,967
97,961
97,961
97,939
97,925
97,919
97,893
97,867
97,859
97,849
97,832
97,814
97,802
97,785
97,780
97,777
97,770
97,763
97,773
97,767
97,761
97,772
97,775
97,775
97,768
97,770
97,761
97,755
97,755
97,765
97,746
97,750
97,748
97,743
97,738
97,730
97,734
97,724
97,724
97,715
97,708
97,711
97,705
97,708
97,689
97,686
97,691
97,687
97,684
97,676
97,674
97,675
97,666
97,671
97,679
97,698
97,719
97,743
97,782
97,803
97,850
97,872
97,898
97,936
97,947
97,960
97,963
97,891
97,871
97,859
97,850
97,836
97,818
97,805
97,803
97,784
97,786
97,778
97,776
97,773
97,770
97,777
97,773
97,770
97,766
97,768
97,767
97,765
97,765
97,761
97,762
97,754
97,749
97,745
97,742
97,745
97,731
97,734
97,728
97,714
97,717
97,717
97,709
97,708
97,702
97,693
97,701
97,703
97,685
97,689
97,684
97,674
97,680
97,668
97,685
97,678
97,689
97,698
97,732
97,757
97,790
97,833
97,857
97,893
97,931
97,935
97,955
97,965
97,968
97,969
97,964
97,953
97,927
97,916
97,893
97,886
97,862
97,854
97,840
97,825
97,805
97,788
97,786
97,785
97,774
97,779
97,772
97,777
97,774
97,783
97,771
97,769
97,767
97,773
97,771
97,761
97,766
97,759
97,745
97,753
97,741
97,744
97,736
97,737
97,731
97,722
97,723
97,729
97,721
97,700
97,700
97,696
97,696
97,693
97,686
97,685
97,676
97,687
97,682
97,678
97,673
97,677
97,677
97,688
97,701
97,726
97,766
97,783
97,815
97,861
97,883
97,919
97,945
97,955
97,959
97,969
97,968
97,950
97,932
97,917
97,907
97,887
97,870
97,855
97,837
97,830
97,814
97,812
97,795
97,787
97,793
97,774
97,769
97,776
97,767
97,771
97,769
97,773
97,774
97,764
97,775
97,770
97,763
97,769
97,753
97,753
97,757
97,743
97,742
97,738
97,732
97,731
97,720
97,718
97,711
97,714
97,715
97,693
97,700
97,706
97,698
97,689
97,681
97,688
97,684
97,683
97,680
97,674
97,677
97,681
97,684
97,696
97,748
97,776
97,803
97,848
97,883
97,900
97,932
97,955
97,959
97,971
97,908
97,898
97,871
97,869
97,848
97,822
97,820
97,795
97,792
97,787
97,782
97,775
97,773
97,776
97,769
97,767
97,765
97,776
97,773
97,761
97,764
97,767
97,759
97,759
97,760
97,752
97,751
97,748
97,749
97,737
97,737
97,737
97,721
97,721
97,720
97,718
97,713
97,705
97,702
97,692
97,698
97,689
97,681
97,693
97,677
97,679
97,683
97,675
97,678
97,683
97,681
97,712
97,740
97,767
97,797
97,841
97,869
97,903
97,934
97,944
97,964
97,966
97,978
97,959
97,952
97,937
97,923
97,901
97,891
97,870
97,856
97,838
97,827
97,814
97,805
97,793
97,786
97,782
97,776
97,776
97,778
97,770
97,771
97,771
97,772
97,774
97,769
97,774
97,766
97,770
97,762
97,759
97,752
97,748
97,747
97,752
97,737
97,738
97,735
97,723
97,724
97,708
97,711
97,709
97,710
97,702
97,698
97,695
97,688
97,685
97,684
97,682
97,679
97,681
97,682
97,680
97,680
97,698
97,725
97,760
97,797
97,820
97,871
97,889
97,909
97,943
97,964
97,963
97,973
97,970
97,959
97,952
97,939
97,921
97,908
97,884
97,879
97,855
97,853
97,831
97,817
97,808
97,793
97,791
97,785
97,782
97,769
97,776
97,771
97,770
97,769
97,767
97,776
97,767
97,765
97,769
97,759
97,758
97,763
97,748
97,758
97,746
97,745
97,735
97,731
97,736
97,724
97,728
97,714
97,724
97,717
97,712
97,705
97,697
97,696
97,694
97,676
97,676
97,678
97,687
97,680
97,676
97,678
97,683
97,693
97,731
97,748
97,782
97,825
97,849
97,884
97,910
97,936
97,950
97,977
97,917
97,892
97,890
97,861
97,849
97,838
97,825
97,813
97,798
97,787
97,786
97,777
97,778
97,776
97,780
97,776
97,778
97,763
97,776
97,773
97,768
97,766
97,770
97,766
97,758
97,766
97,755
97,750
97,751
97,733
97,745
97,735
97,732
97,735
97,724
97,716
97,715
97,707
97,712
97,706
97,703
97,688
97,689
97,687
97,686
97,684
97,683
97,681
97,680
97,682
97,685
97,711
97,741
97,772
97,802
97,838
97,873
97,906
97,932
97,952
97,965
97,970
97,971
97,970
97,967
97,951
97,932
97,919
97,899
97,884
97,865
97,853
97,836
97,826
97,808
97,811
97,791
97,790
97,781
97,777
97,780
97,777
97,769
97,767
97,776
97,781
97,775
97,757
97,769
97,771
97,761
97,761
97,763
97,757
97,755
97,756
97,752
97,731
97,738
97,735
97,734
97,730
97,721
97,715
97,712
97,710
97,701
97,695
97,697
97,685
97,692
97,683
97,679
97,672
97,675
97,683
97,680
97,701
97,709
97,724
97,763
97,793
97,825
97,858
97,892
97,921
97,948
97,960
97,964
97,975
97,966
97,970
97,954
97,939
97,922
97,888
97,880
97,858
97,840
97,836
97,819
97,807
97,795
97,796
97,790
97,780
97,781
97,778
97,768
97,771
97,773
97,770
97,775
97,768
97,770
97,771
97,773
97,770
97,761
97,760
97,753
97,762
97,747
97,742
97,733
97,740
97,731
97,727
97,725
97,717
97,716
97,710
97,709
97,709
97,693
97,694
97,701
97,693
97,693
97,682
97,673
97,680
97,682
97,672
97,687
97,714
97,726
97,752
97,793
97,822
97,898
97,914
97,950
97,954
97,968
97,931
97,920
97,900
97,876
97,864
97,852
97,835
97,816
97,814
97,809
97,798
97,794
97,780
97,777
97,782
97,762
97,778
97,775
97,770
97,767
97,770
97,769
97,765
97,762
97,763
97,767
97,760
97,748
97,750
97,747
97,749
97,739
97,735
97,736
97,729
97,717
97,720
97,717
97,716
97,706
97,700
97,699
97,704
97,696
97,691
97,685
97,682
97,678
97,674
97,679
97,690
97,706
97,715
97,742
97,774
97,812
97,847
97,886
97,898
97,928
97,954
97,960
97,977
97,970
97,973
97,961
97,958
97,941
97,909
97,889
97,872
97,853
97,845
97,827
97,816
97,813
97,802
97,795
97,787
97,780
97,784
97,784
97,771
97,773
97,770
97,772
97,771
97,767
97,765
97,769
97,768
97,764
97,762
97,753
97,755
97,759
97,748
97,737
97,738
97,738
97,736
97,730
97,724
97,713
97,713
97,711
97,705
97,702
97,694
97,695
97,695
97,694
97,681
97,680
97,680
97,683
97,675
97,686
97,697
97,717
97,746
97,774
97,805
97,835
97,909
97,933
97,949
97,972
97,974
97,976
97,970
97,962
97,957
97,941
97,923
97,901
97,895
97,880
97,862
97,848
97,832
97,812
97,809
97,797
97,799
97,804
97,783
97,784
97,781
97,779
97,779
97,769
97,778
97,772
97,768
97,781
97,766
97,758
97,758
97,758
97,752
97,757
97,752
97,748
97,740
97,748
97,734
97,734
97,734
97,719
97,722
97,719
97,715
97,710
97,703
97,699
97,697
97,702
97,693
97,693
97,678
97,679
97,674
97,685
97,690
97,718
97,748
97,761
97,801
97,833
97,866
97,901
97,929
97,949
97,967
97,926
97,927
97,887
97,880
97,866
97,843
97,830
97,831
97,810
97,796
97,800
97,794
97,778
97,783
97,774
97,776
97,780
97,778
97,785
97,776
97,782
97,767
97,774
97,774
97,775
97,768
97,765
97,766
97,757
97,755
97,739
97,748
97,742
97,734
97,725
97,719
97,719
97,722
97,721
97,704
97,705
97,705
97,705
97,700
97,685
97,692
97,693
97,685
97,675
97,686
97,677
97,698
97,718
97,734
97,754
97,781
97,828
97,861
97,910
97,940
97,958
97,975
97,968
97,962
97,970
97,966
97,950
97,932
97,918
97,906
97,893
97,866
97,860
97,838
97,827
97,809
97,814
97,792
97,792
97,780
97,779
97,777
97,782
97,779
97,787
97,779
97,775
97,772
97,777
97,767
97,776
97,777
97,767
97,753
97,759
97,746
97,749
97,749
97,746
97,737
97,740
97,724
97,719
97,720
97,718
97,716
97,714
97,708
97,700
97,696
97,699
97,690
97,696
97,689
97,691
97,685
97,682
97,688
97,702
97,729
97,751
97,791
97,816
97,847
97,884
97,913
97,940
97,958
97,979
97,970
97,973
97,968
97,961
97,954
97,935
97,920
97,904
97,885
97,875
97,858
97,842
97,821
97,804
97,805
97,793
97,783
97,776
97,776
97,780
97,780
97,774
97,777
97,772
97,779
97,770
97,778
97,767
97,777
97,760
97,760
97,761
97,755
97,760
97,755
97,755
97,744
97,737
97,737
97,734
97,732
97,728
97,714
97,707
97,714
97,708
97,702
97,694
97,700
97,688
97,695
97,688
97,688
97,686
97,686
97,684
97,703
97,725
97,741
97,773
97,801
97,840
97,874
97,898
97,932
97,949
97,941
97,929
97,905
97,889
97,878
97,863
97,849
97,830
97,825
97,816
97,806
97,795
97,795
97,786
97,784
97,775
97,779
97,778
97,773
97,770
97,779
97,778
97,766
97,772
97,769
97,767
97,765
97,756
97,758
97,755
97,751
97,738
97,741
97,741
97,736
97,722
97,726
97,723
97,716
97,716
97,705
97,711
97,704
97,693
97,704
97,703
97,698
97,684
97,685
97,700
97,689
97,700
97,713
97,738
97,763
97,795
97,826
97,867
97,895
97,918
97,937
97,957
97,975
97,976
97,982
97,962
97,965
97,948
97,939
97,913
97,903
97,876
97,873
97,865
97,827
97,818
97,811
97,800
97,785
97,795
97,783
97,779
97,785
97,776
97,784
97,778
97,780
97,783
97,773
97,772
97,771
97,767
97,765
97,760
97,762
97,755
97,760
97,747
97,752
97,748
97,747
97,725
97,731
97,721
97,719
97,717
97,714
97,716
97,704
97,712
97,704
97,693
97,699
97,690
97,691
97,685
97,692
97,684
97,689
97,714
97,730
97,758
97,789
97,818
97,858
97,875
97,915
97,943
97,952
97,976
97,971
97,969
97,969
97,956
97,934
97,924
97,902
97,886
97,874
97,856
97,841
97,830
97,818
97,811
97,812
97,800
97,788
97,779
97,773
97,784
97,779
97,775
97,772
97,771
97,773
97,773
97,776
97,775
97,775
97,767
97,763
97,761
97,755
97,745
97,747
97,752
97,736
97,737
97,731
97,736
97,730
97,727
97,718
97,714
97,715
97,699
97,696
97,705
97,689
97,693
97,694
97,687
97,683
97,689
97,682
97,706
97,723
97,749
97,766
97,817
97,843
97,876
97,911
97,930
97,952
97,955
97,935
97,929
97,911
97,900
97,873
97,859
97,835
97,827
97,813
97,792
97,792
97,787
97,789
97,784
97,778
97,782
97,783
97,786
97,781
97,773
97,782
97,775
97,771
97,759
97,773
97,763
97,759
97,754
97,754
97,749
97,743
97,740
97,753
97,737
97,734
97,724
97,726
97,713
97,713
97,712
97,705
97,708
97,699
97,698
97,694
97,695
97,694
97,678
97,700
97,687
97,684
97,704
97,714
97,739
97,769
97,797
97,833
97,867
97,900
97,925
97,951
97,963
97,976
97,980
97,971
97,957
97,955
97,932
97,924
97,907
97,876
97,870
97,852
97,840
97,829
97,820
97,799
97,806
97,788
97,788
97,781
97,776
97,781
97,786
97,776
97,775
97,778
97,776
97,774
97,764
97,772
97,767
97,774
97,759
97,755
97,762
97,745
97,754
97,750
97,745
97,734
97,743
97,717
97,732
97,717
97,721
97,717
97,712
97,718
97,708
97,703
97,694
97,698
97,696
97,688
97,696
97,677
97,698
97,710
97,737
97,760
97,791
97,835
97,860
97,896
97,919
97,949
97,962
97,965
97,977
97,973
97,971
97,964
97,959
97,937
97,909
97,900
97,893
97,867
97,848
97,847
97,829
97,819
97,808
97,805
97,799
97,791
97,787
97,791
97,771
97,775
97,779
97,771
97,783
97,773
97,781
97,781
97,773
97,773
97,767
97,764
97,765
97,762
97,762
97,742
97,742
97,737
97,748
97,740
97,739
97,728
97,724
97,721
97,708
97,710
97,700
97,703
97,700
97,697
97,692
97,691
97,688
97,685
97,691
97,690
97,705
97,729
97,757
97,774
97,813
97,853
97,873
97,921
97,931
97,965
97,941
97,924
97,916
97,896
97,877
97,870
97,852
97,832
97,821
97,809
97,808
97,801
97,797
97,792
97,782
97,779
97,785
97,783
97,781
97,775
97,772
97,771
97,775
97,772
97,770
97,770
97,759
97,767
97,764
97,761
97,764
97,752
97,735
97,738
97,728
97,735
97,737
97,730
97,722
97,715
97,710
97,711
97,700
97,700
97,690
97,692
97,689
97,691
97,688
97,690
97,689
97,705
97,726
97,745
97,775
97,807
97,842
97,882
97,909
97,930
97,954
97,976
97,973
97,977
97,985
97,964
97,955
97,947
97,927
97,911
97,900
97,885
97,872
97,859
97,844
97,837
97,817
97,814
97,803
97,792
97,787
97,784
97,781
97,781
97,777
97,779
97,776
97,774
97,782
97,779
97,775
97,771
97,769
97,759
97,770
97,771
97,755
97,757
97,752
97,737
97,745
97,742
97,734
97,729
97,719
97,719
97,714
97,709
97,711
97,702
97,702
97,696
97,696
97,695
97,680
97,687
97,686
97,689
97,704
97,717
97,739
97,771
97,796
97,832
97,872
97,898
97,929
97,951
97,965
97,973
97,978
97,972
97,973
97,959
97,937
97,916
97,906
97,888
97,879
97,867
97,836
97,836
97,826
97,811
97,811
97,799
97,791
97,784
97,783
97,786
97,778
97,784
97,784
97,774
97,777
97,777
97,776
97,771
97,775
97,769
97,767
97,767
97,759
97,755
97,752
97,746
97,745
97,736
97,745
97,732
97,732
97,730
97,722
97,719
97,713
97,714
97,705
97,704
97,702
97,704
97,695
97,693
97,686
97,677
97,693
97,699
97,703
97,730
97,751
97,784
97,868
97,880
97,921
97,936
97,968
97,960
97,943
97,932
97,911
97,900
97,874
97,865
97,842
97,836
97,821
97,813
97,802
97,794
97,789
97,791
97,787
97,791
97,780
97,786
97,775
97,783
97,778
97,778
97,777
97,783
97,769
97,765
97,774
97,760
97,762
97,757
97,751
97,748
97,754
97,750
97,743
97,729
97,726
97,724
97,721
97,717
97,715
97,703
97,710
97,703
97,698
97,701
97,703
97,689
97,692
97,696
97,694
97,717
97,729
97,751
97,788
97,814
97,849
97,878
97,920
97,943
97,965
97,969
97,978
97,985
97,975
97,969
97,957
97,930
97,919
97,898
97,877
97,862
97,854
97,825
97,821
97,807
97,811
97,808
97,798
97,797
97,789
97,778
97,780
97,785
97,783
97,773
97,780
97,774
97,788
97,773
97,774
97,779
97,770
97,758
97,759
97,765
97,763
97,756
97,747
97,745
97,742
97,733
97,733
97,734
97,724
97,724
97,725
97,715
97,710
97,705
97,709
97,695
97,697
97,701
97,690
97,693
97,685
97,700
97,706
97,722
97,749
97,782
97,838
97,871
97,906
97,942
97,951
97,969
97,974
97,985
97,981
97,972
97,955
97,950
97,939
97,917
97,902
97,883
97,870
97,850
97,840
97,832
97,827
97,812
97,800
97,801
97,799
97,787
97,784
97,791
97,782
97,779
97,774
97,781
97,777
97,779
97,770
97,772
97,775
97,768
97,765
97,769
97,760
97,770
97,758
97,749
97,743
97,740
97,745
97,731
97,727
97,715
97,720
97,727
97,715
97,706
97,712
97,701
97,698
97,698
97,699
97,688
97,682
97,697
97,701
97,719
97,736
97,765
97,804
97,833
97,862
97,898
97,933
97,974
97,970
97,949
97,919
97,913
97,891
97,875
97,855
97,851
97,839
97,825
97,815
97,810
97,801
97,796
97,792
97,781
97,782
97,785
97,787
97,777
97,781
97,785
97,784
97,774
97,779
97,777
97,778
97,775
97,768
97,767
97,757
97,761
97,756
97,759
97,745
97,741
97,737
97,731
97,724
97,727
97,730
97,715
97,715
97,715
97,707
97,714
97,698
97,698
97,690
97,687
97,695
97,691
97,709
97,716
97,737
97,769
97,802
97,862
97,899
97,917
97,939
97,964
97,982
97,989
97,987
97,984
97,975
97,961
97,941
97,933
97,917
97,889
97,881
97,870
97,855
97,834
97,820
97,816
97,816
97,802
97,805
97,792
97,791
97,784
97,778
97,781
97,784
97,786
97,774
97,785
97,778
97,784
97,776
97,782
97,777
97,770
97,765
97,757
97,757
97,759
97,755
97,747
97,736
97,736
97,727
97,731
97,726
97,715
97,718
97,713
97,712
97,717
97,696
97,700
97,700
97,694
97,693
97,697
97,704
97,714
97,725
97,761
97,783
97,818
97,849
97,893
97,919
97,939
97,965
97,971
97,977
97,988
97,983
97,972
97,961
97,951
97,935
97,927
97,892
97,887
97,855
97,844
97,827
97,828
97,813
97,809
97,799
97,788
97,792
97,792
97,789
97,783
97,785
97,783
97,785
97,780
97,782
97,777
97,786
97,781
97,772
97,774
97,775
97,763
97,766
97,759
97,751
97,751
97,756
97,744
97,733
97,735
97,736
97,724
97,724
97,713
97,723
97,704
97,708
97,705
97,696
97,699
97,692
97,687
97,700
97,700
97,703
97,722
97,748
97,770
97,800
97,841
97,875
97,906
97,978
97,970
97,955
97,937
97,929
97,909
97,897
97,875
97,854
97,853
97,836
97,826
97,823
97,815
97,802
97,798
97,792
97,795
97,782
97,780
97,792
97,782
97,777
97,782
97,787
97,778
97,779
97,776
97,774
97,763
97,771
97,768
97,757
97,762
97,750
97,756
97,745
97,739
97,741
97,731
97,735
97,725
97,721
97,718
97,713
97,704
97,706
97,703
97,699
97,694
97,699
97,695
97,702
97,700
97,723
97,739
97,774
97,801
97,828
97,866
97,891
97,916
97,946
97,967
97,980
97,984
97,981
97,976
97,970
97,956
97,949
97,930
97,912
97,903
97,864
97,850
97,840
97,833
97,818
97,809
97,805
97,797
97,791
97,787
97,790
97,793
97,786
97,784
97,787
97,783
97,778
97,780
97,780
97,785
97,783
97,771
97,774
97,767
97,764
97,758
97,756
97,758
97,746
97,749
97,734
97,734
97,734
97,732
97,725
97,726
97,723
97,709
97,709
97,709
97,700
97,701
97,688
97,694
97,696
97,694
97,699
97,724
97,734
97,762
97,790
97,824
97,857
97,890
97,917
97,968
97,973
97,987
97,987
97,983
97,969
97,963
97,947
97,930
97,922
97,906
97,892
97,867
97,859
97,844
97,830
97,819
97,814
97,807
97,800
97,795
97,799
97,787
97,785
97,781
97,781
97,786
97,782
97,792
97,779
97,777
97,776
97,780
97,777
97,769
97,767
97,770
97,757
97,758
97,748
97,751
97,748
97,739
97,736
97,738
97,723
97,729
97,717
97,723
97,716
97,721
97,709
97,701
97,700
97,700
97,687
97,692
97,699
97,714
97,727
97,749
97,788
97,813
97,851
97,883
97,904
97,981
97,981
97,978
97,955
97,942
97,931
97,897
97,881
97,861
97,849
97,841
97,823
97,820
97,810
97,798
97,802
97,795
97,794
97,787
97,790
97,785
97,786
97,781
97,782
97,780
97,779
97,769
97,777
97,776
97,779
97,773
97,773
97,764
97,756
97,755
97,749
97,749
97,739
97,732
97,735
97,727
97,719
97,716
97,717
97,717
97,718
97,709
97,703
97,707
97,698
97,698
97,696
97,689
97,699
97,702
97,726
97,745
97,774
97,802
97,840
97,874
97,903
97,952
97,969
97,981
97,983
97,985
97,982
97,977
97,966
97,943
97,934
97,914
97,897
97,883
97,871
97,857
97,835
97,829
97,822
97,815
97,804
97,800
97,795
97,796
97,792
97,788
97,778
97,790
97,790
97,777
97,777
97,786
97,777
97,774
97,777
97,770
97,765
97,771
97,758
97,756
97,757
97,755
97,751
97,755
97,740
97,740
97,731
97,729
97,721
97,725
97,715
97,717
97,712
97,707
97,706
97,691
97,697
97,696
97,703
97,703
97,727
97,738
97,778
97,804
97,837
97,872
97,897
97,924
97,952
97,971
97,973
97,982
97,993
97,980
97,981
97,971
97,947
97,937
97,912
97,904
97,888
97,861
97,849
97,850
97,813
97,809
97,804
97,796
97,791
97,790
97,793
97,779
97,786
97,780
97,780
97,789
97,778
97,778
97,774
97,779
97,778
97,784
97,778
97,763
97,769
97,759
97,755
97,762
97,763
97,750
97,741
97,739
97,728
97,722
97,728
97,714
97,718
97,703
97,706
97,709
97,703
97,700
97,697
97,700
97,688
97,693
97,698
97,701
97,734
97,763
97,797
97,829
97,848
97,886
97,988
97,977
97,967
97,963
97,933
97,925
97,904
97,893
97,874
97,860
97,850
97,833
97,827
97,816
97,816
97,796
97,797
97,795
97,797
97,791
97,783
97,784
97,788
97,785
97,785
97,775
97,780
97,777
97,771
97,784
97,777
97,761
97,768
97,766
97,763
97,764
97,747
97,744
97,739
97,738
97,738
97,727
97,729
97,719
97,719
97,711
97,709
97,716
97,707
97,702
97,699
97,694
97,694
97,704
97,709
97,733
97,750
97,776
97,814
97,844
97,873
97,916
97,937
97,963
97,967
97,982
97,989
97,986
97,985
97,964
97,957
97,948
97,940
97,912
97,903
97,876
97,860
97,849
97,833
97,819
97,803
97,804
97,796
97,786
97,782
97,794
97,789
97,785
97,787
97,780
97,782
97,765
97,782
97,786
97,781
97,774
97,782
97,771
97,771
97,763
97,759
97,759
97,760
97,750
97,744
97,740
97,733
97,724
97,734
97,731
97,714
97,717
97,708
97,699
97,709
97,702
97,700
97,703
97,697
97,698
97,700
97,702
97,717
97,735
97,767
97,800
97,834
97,867
97,900
97,926
97,944
97,975
97,983
97,982
97,978
97,977
97,962
97,949
97,942
97,923
97,906
97,886
97,871
97,858
97,845
97,842
97,819
97,815
97,810
97,798
97,803
97,792
97,781
97,787
97,784
97,787
97,785
97,776
97,781
97,778
97,786
97,785
97,780
97,768
97,768
97,769
97,759
97,763
97,755
97,752
97,754
97,747
97,741
97,737
97,730
97,731
97,728
97,725
97,720
97,725
97,702
97,705
97,708
97,704
97,704
97,695
97,690
97,696
97,704
97,710
97,766
97,798
97,822
97,857
97,892
97,986
97,973
97,970
97,968
97,960
97,936
97,918
97,908
97,885
97,870
97,855
97,853
97,830
97,812
97,814
97,806
97,803
97,785
97,794
97,780
97,787
97,794
97,775
97,778
97,774
97,780
97,788
97,785
97,779
97,772
97,768
97,774
97,765
97,765
97,763
97,754
97,754
97,747
97,752
97,744
97,734
97,732
97,733
97,726
97,725
97,715
97,702
97,706
97,702
97,705
97,700
97,691
97,693
97,705
97,706
97,715
97,734
97,755
97,779
97,820
97,853
97,875
97,909
97,931
97,954
97,978
97,977
97,982
97,975
97,970
97,953
97,942
97,924
97,907
97,896
97,874
97,863
97,858
97,834
97,822
97,821
97,812
97,809
97,792
97,791
97,789
97,793
97,790
97,786
97,781
97,787
97,777
97,781
97,784
97,780
97,783
97,772
97,770
97,770
97,771
97,765
97,760
97,754
97,738
97,746
97,740
97,745
97,729
97,731
97,723
97,719
97,725
97,716
97,714
97,706
97,712
97,717
97,707
97,691
97,693
97,693
97,705
97,728
97,746
97,781
97,810
97,842
97,876
97,905
97,939
97,957
97,954
97,980
97,986
97,981
97,994
97,970
97,960
97,949
97,925
97,919
97,902
97,880
97,870
97,856
97,851
97,835
97,824
97,824
97,813
97,786
97,787
97,791
97,783
97,787
97,779
97,785
97,777
97,788
97,784
97,781
97,788
97,781
97,778
97,773
97,770
97,768
97,764
97,760
97,757
97,759
97,751
97,746
97,743
97,739
97,736
97,732
97,727
97,718
97,711
97,708
97,704
97,708
97,693
97,706
97,702
97,694
97,697
97,709
97,719
97,744
97,765
97,797
97,827
97,858
97,979
97,982
97,977
97,964
97,951
97,931
97,919
97,901
97,890
97,872
97,850
97,841
97,838
97,825
97,813
97,813
97,795
97,794
97,800
97,791
97,788
97,785
97,781
97,786
97,786
97,782
97,784
97,785
97,777
97,780
97,778
97,767
97,763
97,769
97,780
97,768
97,753
97,751
97,747
97,750
97,733
97,736
97,732
97,727
97,726
97,718
97,713
97,718
97,704
97,709
97,701
97,699
97,698
97,690
97,700
97,717
97,741
97,761
97,785
97,818
97,857
97,892
97,913
97,949
97,965
97,977
97,991
97,990
97,985
97,975
97,967
97,948
97,940
97,930
97,909
97,906
97,879
97,867
97,859
97,834
97,828
97,816
97,811
97,790
97,791
97,786
97,785
97,787
97,784
97,790
97,785
97,791
97,785
97,778
97,784
97,782
97,782
97,772
97,768
97,770
97,756
97,764
97,763
97,760
97,748
97,754
97,751
97,742
97,743
97,729
97,731
97,726
97,713
97,712
97,711
97,713
97,701
97,696
97,698
97,703
97,701
97,695
97,710
97,726
97,754
97,784
97,810
97,849
97,880
97,904
97,930
97,963
97,978
97,977
97,985
97,987
97,982
97,977
97,964
97,935
97,922
97,907
97,887
97,863
97,855
97,841
97,834
97,823
97,808
97,809
97,797
97,801
97,795
97,793
97,785
97,793
97,784
97,796
97,784
97,782
97,781
97,781
97,783
97,778
97,772
97,776
97,768
97,771
97,748
97,767
97,750
97,752
97,744
97,738
97,746
97,739
97,732
97,724
97,714
97,720
97,716
97,713
97,709
97,702
97,696
97,698
97,703
97,701
97,693
97,707
97,729
97,740
97,778
97,803
97,873
97,983
97,985
97,983
97,971
97,964
97,951
97,929
97,928
97,906
97,897
97,872
97,864
97,857
97,838
97,828
97,815
97,805
97,795
97,806
97,798
97,792
97,793
97,787
97,788
97,791
97,776
97,784
97,785
97,783
97,780
97,768
97,770
97,775
97,775
97,765
97,757
97,769
97,752
97,754
97,757
97,743
97,740
97,729
97,730
97,729
97,729
97,721
97,720
97,710
97,706
97,715
97,706
97,702
97,698
97,703
97,705
97,713
97,739
97,758
97,795
97,830
97,863
97,889
97,923
97,949
97,961
97,969
97,982
97,986
97,985
97,982
97,964
97,941
97,933
97,924
97,897
97,876
97,863
97,860
97,840
97,828
97,824
97,815
97,812
97,795
97,797
97,794
97,799
97,791
97,794
97,785
97,785
97,793
97,786
97,784
97,783
97,784
97,783
97,778
97,770
97,763
97,767
97,763
97,754
97,759
97,757
97,746
97,743
97,736
97,733
97,729
97,724
97,726
97,721
97,720
97,722
97,701
97,708
97,712
97,698
97,697
97,694
97,702
97,715
97,729
97,758
97,779
97,854
97,874
97,919
97,940
97,960
97,970
97,986
97,996
97,982
97,976
97,974
97,959
97,949
97,932
97,917
97,905
97,885
97,871
97,856
97,846
97,830
97,825
97,810
97,807
97,798
97,796
97,788
97,795
97,785
97,787
97,792
97,794
97,783
97,781
97,783
97,780
97,787
97,773
97,775
97,777
97,766
97,760
97,764
97,767
97,755
97,749
97,755
97,742
97,733
97,735
97,730
97,728
97,718
97,713
97,732
97,715
97,712
97,700
97,706
97,697
97,701
97,707
97,711
97,727
97,749
97,787
97,804
97,840
97,987
97,982
97,987
97,982
97,972
97,947
97,936
97,924
97,900
97,889
97,875
97,856
97,850
97,833
97,827
97,818
97,812
97,800
97,803
97,789
97,793
97,786
97,787
97,785
97,787
97,775
97,784
97,778
97,788
97,781
97,774
97,774
97,779
97,765
97,770
97,763
97,755
97,758
97,749
97,756
97,751
97,741
97,743
97,734
97,733
97,720
97,723
97,718
97,713
97,707
97,710
97,706
97,704
97,701
97,703
97,696
97,716
97,727
97,746
97,773
97,826
97,866
97,890
97,930
97,935
97,964
97,974
97,980
97,985
97,976
97,979
97,964
97,953
97,933
97,923
97,904
97,901
97,878
97,867
97,855
97,840
97,835
97,828
97,818
97,806
97,796
97,791
97,795
97,793
97,791
97,787
97,791
97,778
97,779
97,781
97,789
97,788
97,778
97,774
97,768
97,783
97,772
97,768
97,761
97,764
97,755
97,753
97,751
97,746
97,739
97,734
97,734
97,733
97,723
97,715
97,706
97,711
97,707
97,701
97,697
97,700
97,706
97,703
97,721
97,733
97,759
97,797
97,828
97,860
97,887
97,915
97,953
97,968
97,981
97,988
97,983
97,982
97,982
97,973
97,963
97,935
97,927
97,919
97,888
97,869
97,847
97,840
97,836
97,822
97,809
97,817
97,804
97,793
97,799
97,795
97,795
97,795
97,783
97,799
97,788
97,782
97,787
97,780
97,784
97,785
97,778
97,782
97,773
97,766
97,765
97,771
97,758
97,755
97,760
97,746
97,732
97,732
97,738
97,731
97,732
97,721
97,720
97,710
97,708
97,710
97,708
97,706
97,699
97,709
97,715
97,713
97,736
97,751
97,787
97,818
97,975
97,991
97,989
97,981
97,970
97,955
97,952
97,946
97,911
97,905
97,894
97,874
97,873
97,847
97,837
97,828
97,818
97,810
97,803
97,799
97,795
97,802
97,790
97,795
97,784
97,790
97,778
97,791
97,782
97,796
97,787
97,785
97,784
97,771
97,768
97,768
97,760
97,763
97,758
97,762
97,750
97,741
97,737
97,729
97,736
97,734
97,728
97,719
97,718
97,717
97,710
97,707
97,713
97,696
97,704
97,705
97,709
97,727
97,744
97,770
97,810
97,831
97,870
97,902
97,931
97,952
97,966
97,993
97,993
98,001
97,990
97,975
97,964
97,966
97,936
97,927
97,898
97,886
97,865
97,854
97,843
97,830
97,818
97,808
97,803
97,808
97,793
97,797
97,792
97,788
97,780
97,778
97,791
97,789
97,778
97,788
97,793
97,787
97,783
97,785
97,766
97,771
97,766
97,761
97,755
97,753
97,754
97,754
97,742
97,751
97,737
97,736
97,729
97,730
97,724
97,722
97,714
97,713
97,712
97,704
97,695
97,702
97,699
97,706
97,728
97,747
97,769
97,802
97,827
97,863
97,903
97,924
97,975
97,972
97,987
97,995
97,992
97,981
97,972
97,953
97,936
97,925
97,914
97,898
97,887
97,873
97,856
97,849
97,839
97,824
97,809
97,803
97,799
97,801
97,799
97,796
97,794
97,788
97,790
97,792
97,781
97,783
97,780
97,776
97,779
97,777
97,770
97,770
97,772
97,768
97,770
97,754
97,760
97,745
97,756
97,744
97,740
97,741
97,740
97,730
97,727
97,716
97,721
97,716
97,713
97,714
97,712
97,710
97,705
97,705
97,714
97,735
97,761
97,792
97,819
97,974
97,982
97,983
97,988
97,980
97,985
97,961
97,944
97,937
97,921
97,888
97,875
97,854
97,847
97,839
97,827
97,821
97,812
97,808
97,795
97,798
97,799
97,802
97,791
97,792
97,789
97,790
97,794
97,784
97,792
97,781
97,777
97,784
97,781
97,777
97,780
97,767
97,762
97,758
97,752
97,759
97,748
97,742
97,739
97,739
97,735
97,726
97,716
97,727
97,723
97,720
97,707
97,704
97,704
97,698
97,699
97,710
97,718
97,736
97,754
97,784
97,805
97,844
97,874
97,912
97,933
97,980
97,981
97,991
97,990
97,995
97,981
97,963
97,950
97,938
97,932
97,905
97,896
97,877
97,866
97,856
97,843
97,838
97,821
97,818
97,802
97,794
97,793
97,800
97,804
97,789
97,789
97,794
97,793
97,786
97,771
97,796
97,784
97,780
97,784
97,778
97,776
97,772
97,767
97,765
97,758
97,764
97,757
97,756
97,736
97,745
97,735
97,735
97,725
97,726
97,724
97,721
97,713
97,714
97,712
97,705
97,704
97,704
97,706
97,730
97,750
97,773
97,806
97,837
97,875
97,895
97,919
97,947
97,969
97,970
97,991
97,991
97,991
97,980
97,974
97,949
97,945
97,930
97,918
97,901
97,886
97,872
97,847
97,839
97,817
97,812
97,811
97,808
97,807
97,797
97,795
97,789
97,792
97,792
97,790
97,788
97,784
97,788
97,779
97,788
97,781
97,779
97,773
97,772
97,776
97,763
97,762
97,762
97,754
97,751
97,748
97,745
97,739
97,732
97,737
97,723
97,730
97,718
97,717
97,713
97,696
97,704
97,701
97,705
97,701
97,717
97,721
97,750
97,759
97,794
97,977
97,986
97,994
97,987
97,991
97,971
97,954
97,954
97,926
97,918
97,896
97,894
97,873
97,859
97,835
97,840
97,828
97,820
97,813
97,809
97,799
97,795
97,798
97,786
97,793
97,795
97,785
97,789
97,789
97,784
97,789
97,783
97,777
97,779
97,778
97,771
97,766
97,770
97,764
97,761
97,753
97,757
97,749
97,739
97,735
97,739
97,736
97,729
97,723
97,726
97,722
97,714
97,705
97,709
97,710
97,700
97,703
97,716
97,740
97,760
97,793
97,812
97,852
97,886
97,914
97,936
97,960
97,978
97,978
97,993
97,990
97,983
97,976
97,960
97,957
97,940
97,918
97,900
97,892
97,881
97,860
97,858
97,832
97,825
97,807
97,801
97,801
97,802
97,794
97,789
97,789
97,791
97,791
97,796
97,801
97,794
97,787
97,790
97,794
97,782
97,780
97,773
97,774
97,773
97,758
97,762
97,758
97,748
97,752
97,752
97,741
97,736
97,734
97,728
97,740
97,718
97,722
97,721
97,710
97,702
97,700
97,704
97,704
97,704
97,716
97,728
97,752
97,776
97,813
97,838
97,865
97,910
97,932
97,961
97,969
97,989
97,988
97,988
97,987
97,976
97,945
97,947
97,918
97,902
97,900
97,884
97,872
97,862
97,843
97,838
97,829
97,814
97,818
97,804
97,797
97,803
97,803
97,793
97,787
97,799
97,793
97,787
97,792
97,794
97,780
97,781
97,771
97,774
97,772
97,773
97,774
97,767
97,760
97,752
97,750
97,745
97,746
97,736
97,742
97,729
97,730
97,732
97,723
97,722
97,721
97,710
97,707
97,717
97,707
97,696
97,703
97,713
97,728
97,753
97,795
97,962
97,978
97,988
97,996
97,984
97,985
97,976
97,961
97,946
97,934
97,920
97,903
97,883
97,870
97,856
97,853
97,829
97,823
97,807
97,811
97,798
97,802
97,796
97,796
97,787
97,788
97,798
97,786
97,793
97,787
97,784
97,782
97,778
97,776
97,778
97,776
97,784
97,775
97,772
97,762
97,753
97,759
97,744
97,753
97,735
97,739
97,727
97,723
97,727
97,713
97,721
97,707
97,712
97,711
97,696
97,696
97,708
97,716
97,723
97,735
97,763
97,789
97,832
97,861
97,883
97,910
97,935
97,962
97,972
97,985
97,985
97,978
97,977
97,964
97,947
97,947
97,918
97,913
97,884
97,881
97,863
97,853
97,838
97,834
97,819
97,808
97,813
97,801
97,799
97,796
97,795
97,798
97,790
97,788
97,790
97,785
97,785
97,784
97,784
97,779
97,777
97,782
97,775
97,776
97,763
97,772
97,771
97,756
97,753
97,753
97,742
97,738
97,735
97,737
97,728
97,732
97,722
97,721
97,717
97,718
97,718
97,712
97,703
97,698
97,704
97,714
97,723
97,756
97,824
97,842
97,880
97,910
97,932
97,960
97,974
97,983
97,993
97,984
97,992
97,987
97,969
97,956
97,943
97,930
97,908
97,887
97,871
97,871
97,853
97,843
97,836
97,826
97,817
97,817
97,803
97,801
97,796
97,786
97,790
97,791
97,794
97,788
97,792
97,786
97,783
97,783
97,778
97,778
97,776
97,773
97,775
97,768
97,769
97,767
97,767
97,760
97,757
97,740
97,744
97,739
97,736
97,735
97,729
97,724
97,716
97,717
97,707
97,702
97,701
97,702
97,710
97,719
97,734
97,749
97,776
97,950
97,965
97,984
97,985
97,998
97,992
97,967
97,958
97,950
97,929
97,913
97,896
97,890
97,876
97,861
97,844
97,842
97,826
97,819
97,802
97,804
97,801
97,802
97,791
97,795
97,790
97,796
97,787
97,794
97,776
97,793
97,789
97,781
97,786
97,771
97,777
97,776
97,763
97,774
97,764
97,759
97,757
97,759
97,751
97,749
97,739
97,735
97,736
97,728
97,716
97,723
97,726
97,710
97,714
97,715
97,710
97,706
97,711
97,714
97,725
97,737
97,771
97,824
97,858
97,891
97,919
97,948
97,962
97,975
97,981
97,988
97,985
97,983
97,975
97,964
97,945
97,928
97,916
97,899
97,885
97,872
97,859
97,854
97,834
97,828
97,819
97,822
97,801
97,801
97,797
97,799
97,794
97,789
97,787
97,789
97,789
97,782
97,791
97,786
97,784
97,778
97,780
97,772
97,771
97,767
97,770
97,767
97,754
97,764
97,752
97,744
97,743
97,745
97,739
97,738
97,729
97,723
97,735
97,721
97,718
97,706
97,710
97,711
97,709
97,709
97,723
97,734
97,764
97,789
97,821
97,843
97,878
97,920
97,937
97,962
97,974
97,993
97,985
98,000
97,984
97,978
97,965
97,962
97,942
97,925
97,901
97,878
97,865
97,855
97,830
97,834
97,816
97,814
97,804
97,802
97,801
97,797
97,798
97,793
97,795
97,790
97,794
97,790
97,792
97,788
97,779
97,792
97,780
97,783
97,779
97,782
97,775
97,770
97,768
97,765
97,767
97,741
97,745
97,735
97,735
97,748
97,732
97,729
97,724
97,725
97,720
97,722
97,719
97,708
97,702
97,703
97,712
97,723
97,729
97,752
97,955
97,975
97,977
97,997
97,985
97,986
97,978
97,966
97,952
97,940
97,934
97,917
97,894
97,886
97,868
97,854
97,845
97,835
97,819
97,820
97,813
97,811
97,798
97,803
97,789
97,792
97,790
97,790
97,789
97,786
97,792
97,789
97,776
97,780
97,777
97,777
97,780
97,777
97,768
97,764
97,762
97,771
97,754
97,758
97,755
97,741
97,745
97,738
97,731
97,730
97,721
97,725
97,719
97,716
97,699
97,714
97,709
97,712
97,705
97,733
97,747
97,773
97,806
97,832
97,869
97,898
97,930
97,948
97,977
97,977
97,995
97,985
97,988
97,986
97,975
97,966
97,951
97,925
97,917
97,905
97,876
97,854
97,849
97,842
97,822
97,817
97,816
97,797
97,801
97,801
97,792
97,790
97,792
97,799
97,798
97,784
97,791
97,790
97,776
97,788
97,790
97,787
97,781
97,777
97,774
97,773
97,773
97,762
97,751
97,749
97,754
97,747
97,736
97,739
97,734
97,731
97,725
97,720
97,721
97,710
97,723
97,704
97,709
97,695
97,707
97,714
97,733
97,745
97,769
97,796
97,825
97,856
97,898
97,923
97,947
97,970
97,995
97,990
98,000
97,987
97,977
97,964
97,949
97,932
97,927
97,902
97,888
97,885
97,862
97,858
97,839
97,833
97,820
97,808
97,809
97,815
97,805
97,798
97,806
97,793
97,789
97,797
97,792
97,786
97,792
97,787
97,787
97,776
97,777
97,774
97,767
97,767
97,772
97,759
97,755
97,758
97,761
97,752
97,759
97,744
97,730
97,724
97,732
97,720
97,726
97,724
97,718
97,715
97,711
97,708
97,714
97,711
97,723
97,734
97,755
97,939
97,962
97,974
97,985
97,983
97,990
97,988
97,980
97,977
97,957
97,937
97,932
97,924
97,897
97,872
97,849
97,840
97,832
97,817
97,823
97,814
97,808
97,798
97,797
97,804
97,792
97,796
97,797
97,787
97,786
97,788
97,794
97,786
97,785
97,791
97,788
97,777
97,772
97,773
97,770
97,766
97,764
97,767
97,763
97,751
97,744
97,737
97,744
97,739
97,726
97,727
97,727
97,720
97,714
97,717
97,712
97,705
97,700
97,706
97,713
97,743
97,761
97,776
97,810
97,844
97,870
97,908
97,944
97,961
97,982
97,987
97,994
97,982
97,982
97,976
97,958
97,947
97,930
97,909
97,899
97,884
97,878
97,867
97,847
97,827
97,823
97,823
97,817
97,807
97,805
97,807
97,799
97,793
97,794
97,798
97,790
97,783
97,790
97,785
97,788
97,771
97,794
97,786
97,779
97,774
97,779
97,761
97,768
97,769
97,753
97,745
97,756
97,733
97,748
97,739
97,741
97,730
97,729
97,727
97,728
97,718
97,716
97,721
97,712
97,717
97,719
97,728
97,751
97,780
97,804
97,829
97,869
97,891
97,929
97,954
97,957
97,981
97,992
97,985
97,984
97,989
97,974
97,960
97,940
97,933
97,925
97,904
97,885
97,878
97,862
97,853
97,845
97,825
97,810
97,811
97,811
97,802
97,795
97,794
97,787
97,801
97,798
97,793
97,789
97,790
97,794
97,790
97,788
97,778
97,791
97,780
97,765
97,767
97,769
97,767
97,759
97,758
97,764
97,747
97,739
97,737
97,746
97,729
97,727
97,725
97,717
97,717
97,714
97,711
97,708
97,707
97,713
97,714
97,722
97,739
97,920
97,941
97,963
97,993
97,985
97,992
97,991
97,973
97,975
97,959
97,937
97,931
97,911
97,894
97,880
97,868
97,859
97,837
97,840
97,828
97,808
97,817
97,797
97,802
97,805
97,799
97,799
97,787
97,793
97,804
97,788
97,792
97,789
97,787
97,784
97,788
97,779
97,779
97,776
97,771
97,762
97,765
97,767
97,764
97,758
97,749
97,749
97,742
97,739
97,739
97,731
97,726
97,726
97,717
97,719
97,716
97,701
97,709
97,713
97,723
97,741
97,760
97,779
97,824
97,851
97,881
97,909
97,932
97,961
97,984
97,986
97,980
97,994
97,990
97,986
97,977
97,956
97,942
97,934
97,925
97,904
97,881
97,870
97,857
97,847
97,837
97,828
97,815
97,802
97,806
97,801
97,797
97,800
97,796
97,795
97,792
97,794
97,791
97,792
97,784
97,789
97,785
97,781
97,781
97,785
97,777
97,777
97,771
97,761
97,760
97,754
97,753
97,758
97,744
97,743
97,734
97,728
97,725
97,722
97,721
97,712
97,715
97,711
97,715
97,709
97,713
97,714
97,732
97,745
97,785
97,802
97,837
97,866
97,904
97,925
97,958
97,972
97,980
97,993
97,994
97,988
97,983
97,956
97,952
97,935
97,922
97,908
97,888
97,874
97,875
97,844
97,843
97,823
97,817
97,820
97,815
97,803
97,802
97,795
97,796
97,790
97,793
97,791
97,791
97,792
97,795
97,782
97,782
97,781
97,778
97,784
97,778
97,775
97,774
97,771
97,765
97,756
97,747
97,751
97,752
97,753
97,742
97,735
97,736
97,736
97,714
97,721
97,723
97,716
97,714
97,707
97,708
97,716
97,717
97,727
97,929
97,947
97,970
97,980
97,987
97,986
97,990
97,987
97,980
97,970
97,959
97,935
97,922
97,909
97,895
97,884
97,874
97,861
97,843
97,834
97,813
97,809
97,811
97,813
97,795
97,797
97,794
97,799
97,804
97,785
97,788
97,784
97,792
97,787
97,790
97,778
97,780
97,779
97,776
97,773
97,774
97,767
97,764
97,767
97,767
97,757
97,756
97,740
97,738
97,735
97,730
97,722
97,726
97,717
97,716
97,703
97,707
97,701
97,707
97,715
97,726
97,741
97,762
97,797
97,830
97,862
97,891
97,917
97,947
97,964
97,978
97,994
97,985
97,995
97,995
97,972
97,965
97,955
97,932
97,914
97,903
97,891
97,867
97,862
97,849
97,835
97,837
97,813
97,805
97,812
97,809
97,802
97,793
97,796
97,787
97,798
97,791
97,799
97,790
97,796
97,798
97,784
97,787
97,777
97,781
97,778
97,766
97,777
97,761
97,761
97,760
97,755
97,751
97,748
97,744
97,739
97,740
97,732
97,731
97,724
97,729
97,722
97,714
97,713
97,719
97,706
97,718
97,719
97,730
97,757
97,788
97,846
97,873
97,907
97,940
97,960
97,969
97,993
97,995
97,997
97,988
97,992
97,978
97,957
97,956
97,940
97,923
97,914
97,894
97,880
97,857
97,852
97,834
97,833
97,822
97,818
97,806
97,796
97,798
97,799
97,791
97,791
97,795
97,792
97,797
97,798
97,792
97,784
97,796
97,786
97,791
97,779
97,776
97,770
97,772
97,773
97,763
97,759
97,755
97,746
97,745
97,740
97,736
97,738
97,729
97,736
97,724
97,719
97,721
97,708
97,712
97,703
97,713
97,713
97,737
97,891
97,926
97,950
97,980
97,988
97,988
97,991
97,997
97,990
97,972
97,947
97,930
97,925
97,914
97,890
97,876
97,873
97,861
97,846
97,835
97,832
97,809
97,818
97,802
97,807
97,801
97,799
97,798
97,794
97,794
97,800
97,790
97,788
97,792
97,797
97,787
97,786
97,781
97,776
97,773
97,768
97,769
97,763
97,755
97,765
97,755
97,751
97,746
97,741
97,747
97,737
97,730
97,730
97,719
97,723
97,717
97,720
97,720
97,702
97,710
97,719
97,728
97,749
97,770
97,801
97,868
97,899
97,931
97,945
97,967
97,983
97,991
97,999
97,991
97,988
97,982
97,965
97,959
97,950
97,931
97,912
97,900
97,883
97,867
97,859
97,847
97,830
97,826
97,809
97,813
97,816
97,802
97,790
97,800
97,795
97,794
97,801
97,791
97,797
97,787
97,787
97,789
97,796
97,784
97,781
97,783
97,769
97,777
97,769
97,764
97,762
97,756
97,752
97,752
97,745
97,736
97,737
97,746
97,727
97,730
97,727
97,718
97,713
97,716
97,710
97,711
97,705
97,722
97,734
97,758
97,796
97,824
97,857
97,882
97,908
97,940
97,961
97,976
97,984
97,995
97,996
97,989
97,980
97,971
97,965
97,952
97,925
97,912
97,905
97,876
97,861
97,853
97,838
97,818
97,817
97,814
97,808
97,806
97,800
97,797
97,788
97,798
97,791
97,794
97,795
97,793
97,793
97,789
97,782
97,787
97,785
97,794
97,779
97,776
97,774
97,767
97,763
97,765
97,747
97,750
97,752
97,745
97,740
97,737
97,733
97,727
97,723
97,731
97,723
97,719
97,707
97,711
97,717
97,715
97,713
97,907
97,938
97,953
97,968
97,987
97,992
97,989
97,988
97,981
97,980
97,966
97,950
97,940
97,927
97,894
97,891
97,882
97,870
97,856
97,841
97,831
97,819
97,815
97,811
97,807
97,799
97,799
97,794
97,796
97,799
97,794
97,795
97,790
97,787
97,793
97,789
97,784
97,772
97,778
97,781
97,776
97,772
97,765
97,766
97,756
97,767
97,753
97,754
97,751
97,748
97,734
97,732
97,733
97,725
97,725
97,721
97,715
97,706
97,715
97,718
97,717
97,724
97,747
97,764
97,796
97,833
97,866
97,898
97,923
97,949
97,965
97,978
97,990
97,983
97,995
97,981
97,987
97,975
97,958
97,942
97,926
97,913
97,899
97,871
97,853
97,851
97,834
97,826
97,817
97,813
97,806
97,799
97,806
97,799
97,803
97,800
97,794
97,795
97,792
97,792
97,794
97,790
97,795
97,791
97,794
97,789
97,778
97,773
97,769
97,759
97,768
97,756
97,754
97,748
97,752
97,748
97,743
97,739
97,724
97,730
97,732
97,724
97,720
97,714
97,717
97,709
97,721
97,721
97,726
97,757
97,768
97,796
97,827
97,856
97,897
97,916
97,947
97,965
97,980
97,997
97,987
97,985
97,978
97,978
97,964
97,949
97,935
97,919
97,895
97,882
97,873
97,855
97,854
97,840
97,832
97,814
97,816
97,804
97,810
97,808
97,811
97,799
97,788
97,788
97,794
97,789
97,797
97,795
97,791
97,783
