97,072
97,076
97,078
97,073
97,073
97,082
97,070
97,069
97,070
97,074
97,072
97,069
97,065
97,071
97,072
97,074
97,069
97,067
97,067
97,073
97,074
97,062
97,073
97,061
97,078
97,062
97,073
97,078
97,072
97,076
97,070
97,066
97,069
97,061
97,070
97,075
97,079
97,060
97,066
97,071
97,069
97,066
97,071
97,069
97,068
97,076
97,068
97,074
97,066
97,073
97,067
97,061
97,063
97,066
97,070
97,064
97,069
97,074
97,070
97,075
97,079
97,064
97,076
97,067
97,074
97,077
97,065
97,080
97,078
97,070
97,068
97,065
97,064
97,064
97,069
97,064
97,071
97,074
97,073
97,072
97,065
97,071
97,071
97,066
97,067
97,073
97,064
97,070
97,067
97,075
97,067
97,073
97,071
97,078
97,061
97,072
97,067
97,074
97,059
97,067
97,078
97,069
97,071
97,071
97,073
97,068
97,064
97,072
97,074
97,065
97,072
97,065
97,062
97,061
97,063
97,063
97,070
97,069
97,068
97,069
97,067
97,062
97,074
97,065
97,067
97,074
97,077
97,072
97,068
97,069
97,068
97,072
97,075
97,073
97,066
97,068
97,066
97,068
97,072
97,075
97,066
97,074
97,073
97,061
97,069
97,066
97,070
97,072
97,073
97,064
97,065
97,077
97,074
97,063
97,069
97,080
97,068
97,072
97,076
97,070
97,067
97,071
97,068
97,066
97,074
97,066
97,067
97,070
97,066
97,071
97,062
97,069
97,072
97,070
97,064
97,064
97,064
97,065
97,063
97,060
97,078
97,072
97,065
97,071
97,072
97,057
97,072
97,067
97,063
97,063
97,071
97,074
97,066
97,080
97,073
97,070
97,080
97,071
97,071
97,063
97,067
97,064
97,075
97,061
97,070
97,063
97,060
97,069
97,067
97,069
97,068
97,068
97,063
97,064
97,063
97,069
97,069
97,071
97,076
97,070
97,075
97,064
97,072
97,066
97,073
97,063
97,067
97,065
97,072
97,064
97,069
97,071
97,068
97,074
97,067
97,069
97,065
97,061
97,072
97,070
97,061
97,063
97,073
97,073
97,071
97,063
97,077
97,068
97,071
97,076
97,064
97,068
97,066
97,066
97,066
97,068
97,073
97,066
97,077
97,067
97,066
97,064
97,069
97,064
97,064
97,071
97,073
97,066
97,064
97,073
97,075
97,065
97,072
97,058
97,068
97,066
97,066
97,064
97,057
97,067
97,063
97,067
97,063
97,071
97,066
97,069
97,060
97,069
97,065
97,066
97,057
97,071
97,075
97,070
97,068
97,063
97,069
97,071
97,064
97,068
97,069
97,066
97,060
97,065
97,073
97,068
97,068
97,064
97,074
97,064
97,071
97,062
97,067
97,066
97,075
97,062
97,068
97,073
97,070
97,062
97,055
97,063
97,066
97,060
97,066
97,065
97,065
97,067
97,067
97,067
97,060
97,076
97,079
97,071
97,054
97,066
97,064
97,062
97,071
97,069
97,070
97,063
97,072
97,069
97,069
97,074
97,078
97,070
97,068
97,059
97,067
97,068
97,068
97,060
97,067
97,066
97,063
97,061
97,062
97,069
97,068
97,073
97,072
97,066
97,064
97,071
97,070
97,063
97,065
97,060
97,075
97,073
97,072
97,058
97,063
97,060
97,061
97,077
97,064
97,066
97,067
97,067
97,061
97,060
97,077
97,061
97,073
97,071
97,070
97,061
97,062
97,072
97,063
97,069
97,065
97,065
97,064
97,066
97,070
97,068
97,075
97,065
97,074
97,066
97,071
97,062
97,068
97,070
97,058
97,067
97,069
97,064
97,069
97,068
97,060
97,066
97,069
97,064
97,066
97,067
97,067
97,054
97,065
97,077
97,065
97,061
97,071
97,066
97,066
97,069
97,065
97,066
97,072
97,070
97,062
97,067
97,070
97,073
97,069
97,070
97,069
97,074
97,064
97,078
97,064
97,066
97,070
97,062
97,068
97,064
97,061
97,059
97,065
97,069
97,071
97,070
97,065
97,070
97,062
97,067
97,066
97,064
97,056
97,061
97,064
97,068
97,069
97,072
97,068
97,073
97,070
97,066
97,067
97,062
97,060
97,065
97,051
97,082
97,064
97,066
97,059
97,062
97,068
97,069
97,065
97,053
97,066
97,054
97,068
97,072
97,064
97,070
97,059
97,064
97,066
97,063
97,071
97,058
97,072
97,063
97,075
97,071
97,065
97,059
97,059
97,071
97,075
97,060
97,076
97,070
97,058
97,058
97,052
97,069
97,066
97,075
97,065
97,068
97,070
97,065
97,067
97,058
97,067
97,070
97,063
97,059
97,065
97,061
97,074
97,071
97,068
97,071
97,061
97,060
97,060
97,062
97,057
97,073
97,058
97,059
97,066
97,064
97,070
97,064
97,070
97,063
97,067
97,073
97,069
97,066
97,062
97,061
97,059
97,058
97,060
97,064
97,062
97,068
97,074
97,066
97,064
97,066
97,072
97,064
97,053
97,067
97,066
97,066
97,064
97,072
97,066
97,064
97,064
97,071
97,067
97,063
97,064
97,071
97,060
97,066
97,062
97,057
97,072
97,062
97,060
97,066
97,063
97,066
97,068
97,072
97,068
97,062
97,061
97,064
97,069
97,067
97,067
97,063
97,067
97,069
97,068
97,065
97,066
97,071
97,076
97,066
97,064
97,065
97,062
97,060
97,058
97,073
97,067
97,064
97,059
97,073
97,066
97,056
97,067
97,069
97,064
97,065
97,069
97,074
97,066
97,070
97,058
97,057
97,070
97,065
97,068
97,062
97,065
97,058
97,067
97,060
97,062
97,074
97,050
97,066
97,069
97,065
97,064
97,065
97,066
97,061
97,064
97,060
97,058
97,061
97,064
97,058
97,065
97,065
97,062
97,064
97,062
97,065
97,068
97,065
97,066
97,058
97,068
97,063
97,064
97,056
97,059
97,064
97,068
97,068
97,062
97,071
97,067
97,069
97,062
97,070
97,065
97,068
97,068
97,070
97,066
97,077
97,062
97,066
97,070
97,062
97,069
97,071
97,068
97,060
97,065
97,067
97,066
97,067
97,062
97,063
97,078
97,064
97,068
97,065
97,075
97,062
97,064
97,066
97,064
97,059
97,066
97,063
97,066
97,066
97,062
97,065
97,071
97,062
97,060
97,072
97,064
97,060
97,061
97,069
97,061
97,064
97,060
97,067
97,062
97,066
97,066
97,072
97,063
97,061
97,062
97,060
97,072
97,064
97,061
97,065
97,063
97,063
97,068
97,061
97,066
97,067
97,055
97,062
97,063
97,077
97,065
97,061
97,066
97,068
97,066
97,064
97,074
97,069
97,062
97,065
97,074
97,072
97,062
97,065
97,064
97,062
97,063
97,063
97,065
97,060
97,067
97,070
97,066
97,071
97,063
97,066
97,071
97,055
97,061
97,069
97,074
97,065
97,062
97,061
97,063
97,063
97,071
97,062
97,065
97,068
97,070
97,066
97,067
97,061
97,061
97,072
97,061
97,068
97,060
97,069
97,067
97,074
97,057
97,067
97,074
97,066
97,057
97,073
97,064
97,069
97,063
97,071
97,067
97,068
97,062
97,060
97,062
97,067
97,068
97,068
97,068
97,060
97,068
97,065
97,051
97,075
97,058
97,068
97,068
97,058
97,069
97,069
97,073
97,065
97,064
97,065
97,057
97,070
97,060
97,066
97,062
97,065
97,068
97,059
97,064
97,057
97,059
97,057
97,068
97,064
97,062
97,063
97,069
97,062
97,065
97,062
97,060
97,060
97,068
97,058
97,062
97,063
97,064
97,059
97,063
97,070
97,057
97,067
97,060
97,067
97,065
97,063
97,063
97,066
97,072
97,057
97,062
97,065
97,068
97,062
97,068
97,065
97,066
97,067
97,064
97,065
97,064
97,060
97,060
97,066
97,071
97,069
97,062
97,062
97,062
97,061
97,059
97,060
97,058
97,060
97,064
97,069
97,070
97,058
97,056
97,059
97,070
97,067
97,054
97,069
97,057
97,063
97,062
97,066
97,068
97,066
97,064
97,057
97,068
97,070
97,059
97,071
97,061
97,059
97,073
97,058
97,064
97,060
97,065
97,073
97,064
97,071
97,054
97,060
97,070
97,064
97,069
97,064
97,059
97,058
97,068
97,061
97,066
97,065
97,061
97,068
97,075
97,069
97,063
97,068
97,064
97,064
97,070
97,066
97,062
97,062
97,067
97,062
97,070
97,076
97,071
97,056
97,062
97,062
97,061
97,061
97,063
97,068
97,064
97,063
97,066
97,071
97,064
97,062
97,062
97,057
97,063
97,064
97,063
97,056
97,068
97,059
97,062
97,067
97,062
97,057
97,054
97,062
97,065
97,070
97,058
97,056
97,054
97,064
97,060
97,057
97,058
97,059
97,072
97,064
97,063
97,067
97,068
97,068
97,069
97,061
97,066
97,052
97,064
97,063
97,065
97,053
97,062
97,059
97,059
97,067
97,062
97,061
97,063
97,066
97,061
97,058
97,070
97,061
97,056
97,064
97,063
97,060
97,066
97,063
97,067
97,059
97,057
97,068
97,062
97,057
97,055
97,061
97,061
97,060
97,060
97,056
97,060
97,065
97,068
97,061
97,064
97,065
97,091
97,107
97,135
97,152
97,166
97,181
97,194
97,214
97,227
97,233
97,234
97,244
97,242
97,238
97,249
97,241
97,237
97,226
97,225
97,223
97,213
97,222
97,209
97,211
97,202
97,207
97,202
97,203
97,201
97,202
97,194
97,203
97,206
97,209
97,198
97,206
97,205
97,198
97,197
97,217
97,203
97,202
97,202
97,208
97,203
97,204
97,200
97,203
97,189
97,197
97,202
97,201
97,193
97,192
97,191
97,202
97,193
97,190
97,192
97,191
97,188
97,187
97,192
97,191
97,192
97,190
97,190
97,189
97,187
97,184
97,189
97,190
97,178
97,172
97,174
97,174
97,184
97,175
97,176
97,174
97,175
97,174
97,170
97,168
97,179
97,169
97,169
97,179
97,169
97,178
97,169
97,169
97,170
97,169
97,164
97,167
97,172
97,170
97,165
97,178
97,167
97,165
97,155
97,164
97,160
97,163
97,167
97,161
97,164
97,162
97,167
97,163
97,161
97,165
97,164
97,169
97,160
97,153
97,162
97,162
97,151
97,153
97,159
97,163
97,149
97,149
97,162
97,159
97,153
97,159
97,158
97,152
97,150
97,153
97,165
97,157
97,155
97,151
97,154
97,149
97,145
97,157
97,150
97,154
97,149
97,152
97,146
97,143
97,146
97,150
97,143
97,137
97,148
97,152
97,139
97,146
97,152
97,149
97,142
97,147
97,149
97,135
97,142
97,145
97,142
97,144
97,149
97,139
97,145
97,141
97,134
97,140
97,138
97,134
97,141
97,134
97,138
97,133
97,136
97,132
97,138
97,128
97,141
97,131
97,135
97,133
97,140
97,132
97,136
97,132
97,130
97,132
97,129
97,127
97,136
97,132
97,132
97,134
97,140
97,130
97,128
97,127
97,125
97,128
97,134
97,126
97,136
97,126
97,134
97,129
97,127
97,122
97,129
97,123
97,125
97,128
97,131
97,126
97,129
97,122
97,126
97,128
97,125
97,125
97,119
97,119
97,127
97,122
97,113
97,120
97,122
97,129
97,116
97,131
97,120
97,126
97,112
97,126
97,122
97,116
97,115
97,113
97,119
97,118
97,112
97,121
97,120
97,115
97,115
97,121
97,119
97,115
97,121
97,116
97,117
97,130
97,111
97,121
97,110
97,120
97,113
97,119
97,116
97,112
97,117
97,117
97,113
97,117
97,121
97,111
97,115
97,114
97,111
97,105
97,114
97,103
97,103
97,111
97,105
97,106
97,109
97,118
97,111
97,108
97,113
97,112
97,106
97,100
97,103
97,106
97,116
97,097
97,112
97,104
97,105
97,113
97,113
97,110
97,104
97,106
97,107
97,095
97,111
97,108
97,104
97,114
97,107
97,105
97,099
97,109
97,097
97,099
97,104
97,102
97,099
97,098
97,096
97,100
97,101
97,109
97,103
97,096
97,099
97,110
97,100
97,099
97,096
97,103
97,105
97,099
97,100
97,095
97,100
97,103
97,100
97,097
97,099
97,107
97,102
97,097
97,100
97,096
97,104
97,096
97,097
97,096
97,092
97,102
97,097
97,106
97,092
97,088
97,089
97,091
97,096
97,101
97,099
97,103
97,096
97,092
97,096
97,102
97,090
97,098
97,090
97,092
97,093
97,083
97,097
97,090
97,090
97,098
97,096
97,091
97,089
97,100
97,098
97,097
97,091
97,091
97,091
97,096
97,095
97,093
97,092
97,093
97,093
97,086
97,107
97,101
97,115
97,120
97,134
97,156
97,174
97,192
97,207
97,228
97,254
97,263
97,265
97,271
97,277
97,284
97,268
97,271
97,274
97,259
97,250
97,254
97,255
97,241
97,238
97,232
97,224
97,230
97,226
97,226
97,224
97,228
97,226
97,229
97,223
97,222
97,225
97,227
97,225
97,234
97,228
97,233
97,235
97,224
97,228
97,225
97,225
97,230
97,229
97,224
97,223
97,219
97,224
97,221
97,220
97,219
97,208
97,209
97,217
97,223
97,218
97,211
97,213
97,216
97,210
97,212
97,213
97,218
97,202
97,213
97,208
97,210
97,214
97,198
97,213
97,202
97,199
97,204
97,197
97,207
97,198
97,194
97,202
97,200
97,200
97,201
97,196
97,195
97,185
97,192
97,192
97,195
97,190
97,197
97,191
97,187
97,194
97,180
97,181
97,192
97,194
97,191
97,185
97,190
97,183
97,187
97,189
97,183
97,179
97,182
97,183
97,192
97,180
97,182
97,181
97,187
97,175
97,173
97,180
97,179
97,169
97,177
97,173
97,174
97,176
97,181
97,175
97,172
97,176
97,176
97,172
97,170
97,173
97,175
97,167
97,171
97,163
97,177
97,166
97,163
97,168
97,161
97,168
97,165
97,165
97,165
97,167
97,162
97,161
97,155
97,162
97,154
97,164
97,164
97,162
97,154
97,157
97,161
97,158
97,153
97,160
97,156
97,157
97,166
97,157
97,161
97,153
97,152
97,153
97,153
97,164
97,150
97,157
97,149
97,146
97,153
97,162
97,146
97,148
97,156
97,151
97,156
97,151
97,147
97,149
97,154
97,154
97,148
97,147
97,150
97,151
97,152
97,147
97,143
97,150
97,140
97,145
97,142
97,140
97,139
97,145
97,145
97,134
97,150
97,136
97,139
97,144
97,140
97,140
97,146
97,140
97,133
97,143
97,133
97,133
97,144
97,142
97,132
97,131
97,133
97,134
97,139
97,137
97,134
97,128
97,137
97,131
97,136
97,131
97,129
97,132
97,142
97,127
97,133
97,130
97,122
97,137
97,130
97,132
97,131
97,129
97,129
97,127
97,129
97,126
97,128
97,128
97,128
97,139
97,133
97,132
97,133
97,134
97,121
97,129
97,127
97,125
97,118
97,124
97,124
97,124
97,117
97,117
97,117
97,119
97,122
97,112
97,128
97,124
97,119
97,121
97,121
97,126
97,134
97,127
97,123
97,117
97,115
97,116
97,112
97,118
97,120
97,117
97,109
97,121
97,116
97,122
97,113
97,120
97,114
97,112
97,126
97,116
97,120
97,119
97,112
97,114
97,115
97,114
97,116
97,124
97,108
97,111
97,115
97,116
97,109
97,110
97,109
97,114
97,120
97,112
97,115
97,108
97,110
97,117
97,112
97,114
97,117
97,101
97,110
97,110
97,111
97,108
97,116
97,110
97,113
97,109
97,108
97,111
97,103
97,108
97,117
97,110
97,103
97,107
97,101
97,112
97,105
97,118
97,107
97,109
97,107
97,104
97,104
97,115
97,110
97,099
97,116
97,103
97,107
97,107
97,107
97,096
97,104
97,107
97,109
97,098
97,106
97,106
97,104
97,107
97,095
97,101
97,105
97,105
97,101
97,102
97,103
97,097
97,105
97,101
97,103
97,103
97,096
97,102
97,103
97,101
97,100
97,093
97,093
97,098
97,092
97,098
97,099
97,111
97,098
97,102
97,101
97,101
97,101
97,098
97,095
97,120
97,135
97,129
97,156
97,157
97,184
97,197
97,220
97,225
97,247
97,248
97,255
97,280
97,275
97,277
97,276
97,275
97,275
97,262
97,266
97,253
97,244
97,250
97,241
97,242
97,239
97,231
97,230
97,227
97,236
97,230
97,233
97,230
97,237
97,227
97,237
97,234
97,235
97,237
97,234
97,230
97,234
97,226
97,235
97,230
97,228
97,231
97,229
97,228
97,230
97,228
97,225
97,227
97,226
97,219
97,232
97,220
97,225
97,218
97,211
97,218
97,219
97,218
97,212
97,204
97,222
97,206
97,213
97,219
97,212
97,204
97,222
97,210
97,205
97,199
97,207
97,202
97,206
97,207
97,198
97,203
97,199
97,207
97,193
97,202
97,194
97,205
97,201
97,200
97,198
97,194
97,201
97,202
97,190
97,201
97,195
97,200
97,200
97,192
97,189
97,201
97,190
97,189
97,192
97,183
97,190
97,189
97,190
97,188
97,182
97,184
97,178
97,177
97,183
97,183
97,178
97,180
97,178
97,176
97,176
97,185
97,176
97,176
97,172
97,180
97,177
97,169
97,177
97,177
97,177
97,168
97,167
97,167
97,179
97,170
97,167
97,171
97,168
97,170
97,167
97,165
97,164
97,167
97,161
97,169
97,165
97,172
97,166
97,164
97,164
97,154
97,167
97,166
97,164
97,164
97,159
97,162
97,162
97,165
97,159
97,168
97,164
97,159
97,155
97,159
97,163
97,155
97,153
97,147
97,167
97,152
97,150
97,158
97,158
97,160
97,152
97,148
97,154
97,154
97,153
97,152
97,156
97,152
97,152
97,147
97,142
97,144
97,151
97,154
97,152
97,149
97,149
97,151
97,146
97,159
97,146
97,143
97,142
97,139
97,145
97,146
97,139
97,139
97,144
97,146
97,137
97,140
97,144
97,144
97,144
97,136
97,139
97,147
97,139
97,142
97,137
97,132
97,139
97,141
97,142
97,139
97,135
97,140
97,142
97,140
97,140
97,132
97,141
97,139
97,140
97,140
97,146
97,139
97,133
97,132
97,129
97,129
97,130
97,130
97,131
97,132
97,127
97,136
97,135
97,137
97,128
97,130
97,128
97,123
97,125
97,133
97,133
97,131
97,129
97,127
97,129
97,125
97,133
97,133
97,122
97,125
97,124
97,128
97,120
97,116
97,120
97,117
97,121
97,118
97,126
97,126
97,116
97,127
97,125
97,115
97,121
97,122
97,118
97,122
97,114
97,123
97,127
97,115
97,122
97,115
97,118
97,119
97,119
97,108
97,119
97,119
97,107
97,123
97,122
97,119
97,115
97,126
97,122
97,120
97,115
97,118
97,115
97,112
97,103
97,110
97,113
97,108
97,114
97,118
97,119
97,115
97,105
97,110
97,114
97,101
97,112
97,105
97,112
97,116
97,103
97,125
97,106
97,113
97,111
97,110
97,104
97,115
97,105
97,119
97,106
97,102
97,107
97,112
97,104
97,104
97,110
97,102
97,110
97,110
97,105
97,103
97,108
97,106
97,099
97,112
97,107
97,111
97,108
97,107
97,104
97,104
97,099
97,107
97,104
97,119
97,104
97,092
97,104
97,111
97,103
97,111
97,099
97,104
97,096
97,103
97,100
97,106
97,099
97,106
97,105
97,096
97,101
97,102
97,108
97,106
97,101
97,100
97,106
97,093
97,101
97,104
97,099
97,103
97,104
97,098
97,096
97,083
97,093
97,100
97,098
97,103
97,116
97,132
97,149
97,165
97,177
97,192
97,214
97,219
97,250
97,249
97,273
97,275
97,288
97,282
97,281
97,276
97,277
97,270
97,253
97,260
97,246
97,254
97,241
97,232
97,236
97,236
97,237
97,234
97,236
97,226
97,234
97,229
97,234
97,224
97,231
97,226
97,242
97,235
97,230
97,235
97,237
97,233
97,242
97,230
97,234
97,230
97,236
97,227
97,228
97,231
97,224
97,217
97,220
97,226
97,215
97,220
97,217
97,220
97,228
97,222
97,225
97,216
97,211
97,212
97,213
97,213
97,213
97,220
97,219
97,205
97,205
97,210
97,218
97,204
97,213
97,213
97,208
97,197
97,205
97,200
97,202
97,195
97,199
97,197
97,194
97,195
97,202
97,202
97,194
97,193
97,199
97,196
97,200
97,197
97,194
97,192
97,190
97,188
97,189
97,197
97,196
97,183
97,187
97,178
97,193
97,183
97,190
97,194
97,179
97,185
97,184
97,174
97,178
97,187
97,182
97,175
97,186
97,182
97,179
97,180
97,184
97,177
97,179
97,182
97,177
97,173
97,178
97,180
97,181
97,177
97,184
97,183
97,180
97,163
97,186
97,162
97,170
97,173
97,169
97,170
97,171
97,175
97,168
97,171
97,170
97,175
97,163
97,171
97,164
97,165
97,167
97,163
97,163
97,163
97,166
97,169
97,156
97,157
97,161
97,159
97,161
97,146
97,166
97,164
97,155
97,161
97,152
97,157
97,157
97,152
97,163
97,153
97,154
97,151
97,145
97,157
97,151
97,149
97,150
97,154
97,151
97,156
97,155
97,162
97,145
97,148
97,152
97,146
97,150
97,150
97,143
97,153
97,152
97,145
97,150
97,146
97,145
97,148
97,143
97,152
97,139
97,146
97,141
97,140
97,143
97,135
97,138
97,143
97,145
97,145
97,143
97,143
97,138
97,135
97,138
97,146
97,148
97,146
97,145
97,140
97,133
97,136
97,131
97,122
97,137
97,140
97,138
97,137
97,135
97,142
97,137
97,132
97,141
97,130
97,130
97,135
97,137
97,145
97,139
97,135
97,134
97,130
97,132
97,136
97,134
97,127
97,122
97,132
97,138
97,121
97,132
97,126
97,134
97,133
97,131
97,122
97,126
97,130
97,125
97,124
97,135
97,132
97,132
97,124
97,125
97,126
97,130
97,117
97,123
97,120
97,111
97,119
97,116
97,113
97,121
97,128
97,116
97,125
97,121
97,113
97,118
97,125
97,117
97,119
97,113
97,118
97,116
97,120
97,110
97,125
97,127
97,117
97,122
97,114
97,113
97,114
97,116
97,118
97,112
97,123
97,114
97,117
97,115
97,120
97,104
97,115
97,111
97,105
97,104
97,112
97,108
97,113
97,108
97,110
97,116
97,109
97,124
97,112
97,113
97,110
97,115
97,112
97,104
97,107
97,112
97,110
97,110
97,110
97,102
97,115
97,100
97,117
97,113
97,106
97,109
97,109
97,112
97,110
97,104
97,104
97,110
97,108
97,116
97,109
97,101
97,110
97,098
97,110
97,107
97,095
97,102
97,110
97,103
97,096
97,095
97,107
97,103
97,106
97,107
97,099
97,098
97,100
97,100
97,096
97,104
97,106
97,109
97,095
97,104
97,099
97,104
97,108
97,098
97,097
97,094
97,100
97,103
97,108
97,099
97,103
97,098
97,096
97,104
97,094
97,101
97,105
97,098
97,099
97,101
97,109
97,114
97,123
97,132
97,153
97,160
97,189
97,203
97,227
97,238
97,253
97,262
97,272
97,276
97,281
97,284
97,277
97,274
97,278
97,270
97,259
97,253
97,250
97,242
97,249
97,238
97,239
97,229
97,243
97,233
97,233
97,234
97,228
97,232
97,231
97,241
97,234
97,234
97,231
97,248
97,234
97,234
97,238
97,237
97,237
97,231
97,233
97,235
97,228
97,233
97,233
97,223
97,229
97,226
97,229
97,221
97,218
97,230
97,223
97,228
97,217
97,223
97,230
97,206
97,223
97,223
97,214
97,209
97,219
97,215
97,217
97,215
97,203
97,214
97,196
97,209
97,206
97,207
97,197
97,200
97,213
97,204
97,200
97,203
97,202
97,200
97,193
97,194
97,198
97,199
97,197
97,191
97,198
97,189
97,199
97,191
97,199
97,188
97,205
97,190
97,181
97,192
97,196
97,188
97,192
97,195
97,187
97,193
97,192
97,184
97,188
97,189
97,191
97,183
97,189
97,185
97,179
97,183
97,181
97,183
97,184
97,180
97,184
97,173
97,182
97,174
97,174
97,180
97,180
97,178
97,179
97,176
97,179
97,175
97,170
97,166
97,178
97,171
97,178
97,166
97,179
97,167
97,169
97,166
97,158
97,173
97,161
97,162
97,169
97,164
97,165
97,167
97,164
97,168
97,160
97,159
97,170
97,160
97,164
97,164
97,158
97,165
97,164
97,157
97,154
97,159
97,165
97,158
97,156
97,158
97,165
97,154
97,155
97,156
97,156
97,158
97,148
97,154
97,154
97,153
97,151
97,158
97,155
97,153
97,153
97,151
97,149
97,153
97,153
97,154
97,155
97,154
97,147
97,153
97,155
97,143
97,146
97,148
97,152
97,141
97,141
97,145
97,143
97,145
97,150
97,141
97,140
97,148
97,144
97,144
97,144
97,144
97,134
97,137
97,146
97,145
97,146
97,135
97,134
97,140
97,143
97,137
97,127
97,136
97,145
97,129
97,140
97,131
97,135
97,134
97,139
97,136
97,136
97,137
97,139
97,136
97,133
97,138
97,136
97,132
97,126
97,128
97,132
97,131
97,126
97,141
97,129
97,135
97,126
97,127
97,125
97,130
97,134
97,136
97,124
97,117
97,129
97,127
97,120
97,126
97,128
97,129
97,130
97,134
97,126
97,137
97,129
97,123
97,114
97,125
97,120
97,126
97,117
97,128
97,131
97,116
97,127
97,120
97,118
97,125
97,125
97,123
97,115
97,124
97,122
97,123
97,119
97,122
97,124
97,118
97,130
97,117
97,117
97,112
97,119
97,118
97,112
97,125
97,117
97,114
97,111
97,109
97,114
97,115
97,116
97,116
97,119
97,116
97,115
97,110
97,113
97,123
97,115
97,107
97,114
97,115
97,112
97,113
97,112
97,114
97,119
97,113
97,107
97,113
97,102
97,113
97,108
97,112
97,111
97,115
97,114
97,109
97,105
97,106
97,120
97,108
97,110
97,101
97,102
97,103
97,103
97,100
97,111
97,103
97,102
97,118
97,103
97,102
97,109
97,112
97,110
97,105
97,105
97,112
97,102
97,098
97,096
97,101
97,104
97,106
97,107
97,099
97,100
97,105
97,112
97,099
97,102
97,106
97,102
97,102
97,105
97,106
97,097
97,100
97,096
97,100
97,105
97,105
97,103
97,095
97,105
97,104
97,095
97,099
97,103
97,098
97,095
97,100
97,093
97,104
97,096
97,111
97,108
97,117
97,145
97,161
97,179
97,193
97,213
97,226
97,247
97,253
97,257
97,278
97,269
97,277
97,278
97,280
97,277
97,272
97,269
97,262
97,250
97,259
97,248
97,245
97,232
97,235
97,236
97,233
97,241
97,234
97,235
97,231
97,233
97,224
97,237
97,233
97,229
97,232
97,231
97,229
97,231
97,233
97,232
97,228
97,226
97,222
97,223
97,225
97,220
97,222
97,216
97,224
97,220
97,213
97,230
97,220
97,216
97,220
97,216
97,217
97,223
97,218
97,219
97,215
97,216
97,216
97,213
97,221
97,213
97,207
97,210
97,204
97,205
97,205
97,206
97,204
97,211
97,199
97,204
97,200
97,205
97,201
97,194
97,199
97,199
97,197
97,204
97,199
97,199
97,194
97,192
97,191
97,187
97,189
97,196
97,191
97,196
97,192
97,197
97,196
97,191
97,190
97,196
97,188
97,185
97,182
97,190
97,182
97,181
97,187
97,181
97,180
97,178
97,183
97,177
97,178
97,180
97,180
97,180
97,179
97,181
97,183
97,175
97,177
97,173
97,187
97,186
97,173
97,177
97,176
97,178
97,180
97,174
97,167
97,178
97,172
97,167
97,164
97,176
97,176
97,172
97,174
97,172
97,170
97,161
97,163
97,165
97,169
97,159
97,167
97,156
97,167
97,162
97,167
97,169
97,161
97,162
97,156
97,168
97,162
97,153
97,164
97,160
97,158
97,159
97,158
97,157
97,153
97,155
97,162
97,145
97,156
97,158
97,166
97,149
97,154
97,156
97,145
97,147
97,152
97,149
97,153
97,141
97,157
97,157
97,154
97,154
97,151
97,153
97,156
97,150
97,140
97,137
97,149
97,137
97,149
97,141
97,139
97,154
97,143
97,139
97,146
97,140
97,135
97,150
97,139
97,147
97,137
97,140
97,136
97,140
97,142
97,146
97,139
97,144
97,134
97,134
97,140
97,141
97,146
97,150
97,138
97,148
97,140
97,131
97,139
97,129
97,142
97,134
97,136
97,139
97,131
97,135
97,141
97,138
97,135
97,143
97,138
97,124
97,133
97,139
97,132
97,132
97,130
97,133
97,130
97,133
97,135
97,128
97,130
97,136
97,127
97,124
97,128
97,132
97,130
97,128
97,127
97,123
97,125
97,129
97,134
97,123
97,124
97,123
97,127
97,122
97,125
97,126
97,126
97,117
97,124
97,126
97,124
97,118
97,115
97,116
97,124
97,121
97,123
97,117
97,118
97,120
97,121
97,121
97,115
97,121
97,114
97,113
97,120
97,115
97,117
97,117
97,124
97,117
97,110
97,113
97,113
97,115
97,120
97,109
97,108
97,117
97,111
97,106
97,114
97,111
97,113
97,113
97,109
97,110
97,112
97,112
97,110
97,108
97,110
97,113
97,113
97,117
97,110
97,116
97,116
97,117
97,113
97,108
97,107
97,115
97,112
97,115
97,108
97,106
97,113
97,110
97,105
97,110
97,101
97,119
97,105
97,106
97,105
97,107
97,106
97,097
97,108
97,113
97,113
97,104
97,111
97,109
97,102
97,098
97,101
97,109
97,099
97,103
97,103
97,112
97,107
97,104
97,103
97,101
97,104
97,101
97,107
97,100
97,103
97,110
97,096
97,093
97,098
97,099
97,108
97,100
97,109
97,103
97,097
97,100
97,103
97,107
97,094
97,092
97,094
97,105
97,109
97,087
97,099
97,098
97,093
97,084
97,101
97,103
97,117
97,127
97,133
97,149
97,166
97,192
97,219
97,232
97,249
97,263
97,275
97,281
97,276
97,287
97,284
97,280
97,278
97,263
97,260
97,262
97,250
97,251
97,241
97,243
97,249
97,240
97,237
97,233
97,225
97,232
97,235
97,225
97,231
97,238
97,232
97,244
97,231
97,238
97,238
97,235
97,240
97,240
97,227
97,230
97,226
97,227
97,225
97,223
97,235
97,221
97,228
97,226
97,222
97,223
97,225
97,226
97,222
97,210
97,218
97,221
97,210
97,210
97,226
97,220
97,215
97,217
97,216
97,216
97,220
97,209
97,209
97,211
97,205
97,202
97,204
97,215
97,203
97,210
97,205
97,208
97,201
97,196
97,196
97,202
97,209
97,197
97,204
97,194
97,201
97,192
97,195
97,190
97,194
97,194
97,197
97,191
97,194
97,194
97,188
97,185
97,196
97,185
97,191
97,199
97,189
97,181
97,181
97,191
97,186
97,181
97,178
97,184
97,182
97,176
97,200
97,190
97,182
97,187
97,172
97,180
97,172
97,180
97,166
97,173
97,177
97,172
97,175
97,176
97,178
97,172
97,181
97,171
97,174
97,176
97,170
97,178
97,169
97,170
97,179
97,171
97,167
97,170
97,169
97,165
97,166
97,168
97,162
97,157
97,167
97,163
97,158
97,153
97,161
97,164
97,165
97,160
97,163
97,157
97,167
97,171
97,162
97,165
97,157
97,154
97,156
97,152
97,162
97,156
97,156
97,155
97,154
97,166
97,154
97,153
97,151
97,155
97,155
97,153
97,153
97,151
97,152
97,150
97,154
97,152
97,150
97,151
97,154
97,154
97,151
97,154
97,153
97,149
97,153
97,145
97,151
97,148
97,141
97,145
97,148
97,146
97,152
97,148
97,148
97,135
97,141
97,143
97,146
97,141
97,147
97,142
97,146
97,148
97,140
97,141
97,144
97,142
97,138
97,135
97,138
97,141
97,137
97,130
97,139
97,132
97,139
97,133
97,128
97,142
97,135
97,142
97,138
97,132
97,136
97,136
97,125
97,132
97,133
97,137
97,134
97,135
97,131
97,126
97,130
97,129
97,129
97,131
97,126
97,126
97,133
97,128
97,134
97,128
97,133
97,127
97,120
97,122
97,128
97,125
97,138
97,134
97,128
97,124
97,122
97,123
97,119
97,123
97,132
97,124
97,123
97,125
97,131
97,122
97,120
97,114
97,121
97,110
97,123
97,126
97,125
97,116
97,118
97,109
97,121
97,118
97,122
97,122
97,121
97,128
97,116
97,123
97,115
97,114
97,119
97,124
97,112
97,113
97,119
97,116
97,112
97,115
97,109
97,118
97,110
97,112
97,113
97,115
97,115
97,115
97,116
97,111
97,118
97,107
97,122
97,111
97,112
97,104
97,108
97,118
97,111
97,120
97,104
97,114
97,107
97,109
97,114
97,111
97,108
97,104
97,107
97,112
97,113
97,102
97,110
97,111
97,105
97,097
97,104
97,105
97,107
97,108
97,105
97,109
97,109
97,108
97,102
97,105
97,103
97,104
97,105
97,109
97,107
97,101
97,107
97,109
97,105
97,106
97,107
97,103
97,099
97,096
97,107
97,105
97,101
97,106
97,117
97,106
97,110
97,099
97,105
97,101
97,093
97,104
97,099
97,094
97,102
97,098
97,103
97,103
97,113
97,102
97,090
97,098
97,109
97,104
97,095
97,107
97,101
97,101
97,101
97,098
97,115
97,122
97,120
97,145
97,151
97,174
97,197
97,210
97,226
97,240
97,253
97,264
97,273
97,269
97,282
97,279
97,274
97,272
97,272
97,262
97,257
97,244
97,251
97,245
97,239
97,237
97,239
97,229
97,228
97,228
97,227
97,221
97,234
97,240
97,233
97,238
97,233
97,227
97,235
97,233
97,233
97,231
97,232
97,229
97,227
97,230
97,232
97,225
97,231
97,229
97,233
97,224
97,231
97,221
97,220
97,220
97,216
97,209
97,224
97,217
97,218
97,217
97,216
97,214
97,212
97,218
97,207
97,217
97,230
97,218
97,204
97,207
97,213
97,203
97,201
97,203
97,199
97,201
97,197
97,199
97,212
97,202
97,197
97,210
97,202
97,200
97,197
97,199
97,200
97,196
97,192
97,189
97,189
97,197
97,199
97,191
97,190
97,185
97,185
97,191
97,191
97,191
97,199
97,186
97,184
97,196
97,196
97,191
97,185
97,192
97,185
97,189
97,180
97,186
97,184
97,183
97,175
97,187
97,184
97,177
97,181
97,183
97,183
97,176
97,186
97,179
97,176
97,183
97,171
97,170
97,175
97,172
97,179
97,171
97,175
97,176
97,167
97,153
97,175
97,165
97,172
97,160
97,164
97,171
97,169
97,173
97,167
97,169
97,165
97,166
97,167
97,161
97,173
97,155
97,164
97,169
97,157
97,171
97,156
97,156
97,161
97,161
97,169
97,158
97,161
97,158
97,162
97,167
97,156
97,161
97,157
97,154
97,151
97,162
97,147
97,157
97,152
97,160
97,154
97,157
97,145
97,152
97,155
97,149
97,151
97,154
97,145
97,149
97,143
97,157
97,151
97,140
97,141
97,140
97,152
97,144
97,148
97,145
97,143
97,143
97,144
97,142
97,152
97,140
97,135
97,138
97,143
97,145
97,142
97,139
97,141
97,139
97,138
97,137
97,146
97,141
97,131
97,140
97,132
97,141
97,138
97,132
97,141
97,135
97,135
97,130
97,141
97,136
97,134
97,139
97,119
97,134
97,136
97,127
97,129
97,129
97,130
97,124
97,125
97,130
97,134
97,126
97,129
97,125
97,132
97,132
97,124
97,129
97,136
97,123
97,127
97,134
97,126
97,119
97,122
97,124
97,123
97,128
97,121
97,127
97,133
97,126
97,137
97,123
97,131
97,118
97,120
97,114
97,126
97,119
97,116
97,129
97,118
97,121
97,120
97,124
97,123
97,121
97,117
97,124
97,120
97,126
97,116
97,120
97,117
97,119
97,113
97,116
97,116
97,117
97,116
97,116
97,110
97,120
97,122
97,113
97,121
97,110
97,117
97,114
97,104
97,117
97,114
97,116
97,110
97,111
97,119
97,116
97,111
97,116
97,120
97,111
97,105
97,112
97,115
97,110
97,109
97,103
97,111
97,108
97,111
97,109
97,115
97,112
97,106
97,105
97,106
97,106
97,098
97,103
97,099
97,109
97,106
97,110
97,110
97,109
97,114
97,093
97,101
97,102
97,105
97,113
97,115
97,101
97,108
97,102
97,103
97,108
97,102
97,105
97,099
97,107
97,114
97,109
97,104
97,103
97,104
97,112
97,105
97,095
97,102
97,100
97,102
97,103
97,108
97,104
97,100
97,103
97,107
97,102
97,100
97,098
97,099
97,107
97,101
97,103
97,095
97,099
97,100
97,105
97,100
97,100
97,095
97,090
97,101
97,094
97,103
97,100
97,093
97,100
97,106
97,114
97,120
97,138
97,152
97,167
97,187
97,202
97,219
97,243
97,247
97,256
97,273
97,275
97,271
97,283
97,270
97,267
97,268
97,254
97,244
97,251
97,239
97,244
97,231
97,242
97,234
97,229
97,228
97,233
97,235
97,228
97,237
97,232
97,221
97,236
97,232
97,235
97,229
97,232
97,235
97,232
97,234
97,233
97,231
97,237
97,239
97,231
97,236
97,229
97,232
97,215
97,222
97,229
97,210
97,220
97,222
97,223
97,220
97,217
97,218
97,211
97,218
97,210
97,214
97,212
97,213
97,220
97,210
97,209
97,204
97,209
97,212
97,207
97,207
97,205
97,202
97,200
97,210
97,206
97,204
97,206
97,200
97,193
97,205
97,204
97,188
97,198
97,193
97,198
97,200
97,189
97,196
97,196
97,185
97,182
97,192
97,193
97,191
97,183
97,189
97,192
97,184
97,196
97,194
97,183
97,181
97,179
97,179
97,186
97,176
97,185
97,187
97,170
97,180
97,183
97,182
97,179
97,185
97,178
97,174
97,185
97,180
97,175
97,177
97,173
97,177
97,176
97,169
97,177
97,169
97,170
97,178
97,168
97,180
97,176
97,170
97,171
97,171
97,169
97,164
97,170
97,173
97,174
97,160
97,169
97,167
97,164
97,173
97,161
97,170
97,162
97,161
97,158
97,165
97,157
97,152
97,160
97,158
97,157
97,155
97,157
97,158
97,159
97,158
97,154
97,164
97,164
97,154
97,158
97,145
97,160
97,161
97,146
97,162
97,155
97,158
97,152
97,148
97,153
97,150
97,153
97,150
97,153
97,151
97,152
97,146
97,145
97,148
97,150
97,140
97,146
97,156
97,145
97,145
97,144
97,135
97,138
97,146
97,145
97,148
97,138
97,146
97,144
97,141
97,140
97,140
97,148
97,134
97,146
97,141
97,136
97,137
97,129
97,138
97,135
97,139
97,142
97,137
97,133
97,137
97,138
97,138
97,134
97,133
97,137
97,134
97,138
97,135
97,132
97,131
97,139
97,137
97,139
97,135
97,133
97,135
97,129
97,133
97,130
97,128
97,130
97,125
97,145
97,132
97,125
97,133
97,125
97,126
97,124
97,132
97,130
97,125
97,127
97,121
97,128
97,132
97,129
97,121
97,122
97,130
97,126
97,121
97,127
97,119
97,121
97,128
97,122
97,120
97,117
97,122
97,122
97,120
97,116
97,130
97,116
97,116
97,117
97,120
97,114
97,114
97,114
97,120
97,116
97,107
97,117
97,119
97,115
97,117
97,122
97,115
97,119
97,122
97,114
97,110
97,115
97,119
97,113
97,115
97,116
97,115
97,118
97,103
97,121
97,107
97,111
97,108
97,114
97,106
97,112
97,112
97,103
97,109
97,109
97,105
97,117
97,111
97,114
97,114
97,104
97,109
97,111
97,108
97,106
97,106
97,107
97,110
97,100
97,110
97,106
97,104
97,103
97,106
97,108
97,101
97,106
97,108
97,117
97,105
97,107
97,101
97,111
97,102
97,101
97,112
97,113
97,115
97,110
97,094
97,108
97,110
97,098
97,100
97,098
97,107
97,102
97,107
97,105
97,106
97,089
97,108
97,102
97,096
97,097
97,104
97,097
97,105
97,101
97,096
97,098
97,097
97,097
97,099
97,106
97,098
97,101
97,105
97,101
97,097
97,097
97,091
97,100
97,099
97,102
97,096
97,105
97,106
97,100
97,093
97,101
97,105
97,115
97,121
97,120
97,132
97,163
97,173
97,191
97,203
97,227
97,239
97,255
97,262
97,276
97,275
97,278
97,270
97,269
97,275
97,267
97,268
97,253
97,256
97,242
97,232
97,240
97,227
97,245
97,223
97,229
97,234
97,238
97,231
97,232
97,230
97,220
97,233
97,226
97,234
97,228
97,229
97,231
97,226
97,228
97,235
97,232
97,226
97,229
97,227
97,226
97,227
97,227
97,221
97,218
97,225
97,220
97,219
97,225
97,214
97,221
97,214
97,214
97,225
97,204
97,217
97,208
97,208
97,211
97,204
97,203
97,209
97,207
97,213
97,198
97,206
97,201
97,208
97,207
97,200
97,211
97,195
97,207
97,197
97,205
97,199
97,196
97,191
97,189
97,195
97,198
97,199
97,195
97,196
97,204
97,192
97,192
97,190
97,194
97,193
97,191
97,187
97,195
97,189
97,191
97,188
97,193
97,190
97,183
97,187
97,184
97,181
97,183
97,188
97,182
97,182
97,185
97,179
97,180
97,182
97,180
97,179
97,172
97,179
97,177
97,176
97,178
97,165
97,176
97,176
97,173
97,170
97,182
97,175
97,172
97,168
97,166
97,172
97,173
97,175
97,163
97,167
97,166
97,165
97,164
97,164
97,168
97,170
97,158
97,168
97,167
97,172
97,161
97,163
97,152
97,164
97,161
97,158
97,163
97,158
97,152
97,159
97,162
97,154
97,159
97,165
97,152
97,146
97,157
97,156
97,159
97,157
97,147
97,157
97,150
97,153
97,157
97,152
97,152
97,157
97,153
97,151
97,149
97,158
97,150
97,145
97,157
97,147
97,156
97,147
97,149
97,145
97,150
97,141
97,143
97,150
97,146
97,139
97,142
97,145
97,153
97,149
97,145
97,137
97,135
97,153
97,148
97,143
97,138
97,140
97,148
97,140
97,141
97,138
97,141
97,138
97,133
97,141
97,124
97,141
97,145
97,127
97,142
97,143
97,132
97,139
97,138
97,137
97,134
97,129
97,125
97,140
97,124
97,132
97,131
97,125
97,135
97,137
97,129
97,124
97,130
97,128
97,127
97,123
97,127
97,126
97,130
97,125
97,122
97,135
97,129
97,127
97,129
97,131
97,133
97,125
97,129
97,125
97,118
97,127
97,127
97,125
97,124
97,137
97,125
97,127
97,115
97,120
97,119
97,122
97,110
97,127
97,115
97,117
97,114
97,125
97,127
97,115
97,117
97,115
97,115
97,108
97,116
97,111
97,119
97,122
97,117
97,117
97,118
97,118
97,113
97,119
97,123
97,116
97,119
97,123
97,112
97,116
97,107
97,117
97,114
97,115
97,119
97,116
97,112
97,111
97,117
97,113
97,111
97,109
97,104
97,114
97,118
97,107
97,122
97,108
97,115
97,113
97,107
97,116
97,113
97,121
97,111
97,103
97,107
97,108
97,101
97,110
97,108
97,113
97,110
97,109
97,099
97,107
97,108
97,105
97,105
97,109
97,101
97,108
97,098
97,105
97,110
97,099
97,116
97,106
97,104
97,112
97,099
97,098
97,102
97,101
97,106
97,094
97,103
97,100
97,097
97,098
97,106
97,102
97,102
97,094
97,104
97,110
97,094
97,106
97,105
97,093
97,096
97,104
97,105
97,104
97,102
97,096
97,096
97,107
97,108
97,102
97,095
97,098
97,107
97,095
97,099
97,104
97,102
97,095
97,096
97,092
97,086
97,098
97,103
97,096
97,101
97,111
97,119
97,135
97,141
97,167
97,185
97,204
97,216
97,228
97,238
97,266
97,266
97,280
97,281
97,284
97,271
97,273
97,264
97,269
97,254
97,249
97,253
97,252
97,242
97,247
97,244
97,230
97,234
97,227
97,230
97,223
97,236
97,234
97,229
97,237
97,226
97,230
97,234
97,235
97,232
97,225
97,236
97,232
97,222
97,229
97,230
97,218
97,226
97,216
97,219
97,230
97,221
97,220
97,219
97,216
97,215
97,218
97,222
97,213
97,217
97,224
97,213
97,210
97,220
97,209
97,217
97,207
97,204
97,209
97,204
97,208
97,209
97,204
97,209
97,202
97,206
97,198
97,197
97,199
97,191
97,204
97,200
97,198
97,199
97,193
97,215
97,198
97,202
97,199
97,193
97,191
97,192
97,194
97,192
97,194
97,184
97,192
97,191
97,196
97,197
97,183
97,183
97,181
97,186
97,187
97,191
97,185
97,188
97,182
97,187
97,189
97,178
97,189
97,181
97,180
97,174
97,183
97,179
97,179
97,175
97,177
97,173
97,182
97,177
97,173
97,178
97,172
97,170
97,172
97,174
97,167
97,169
97,171
97,173
97,168
97,168
97,172
97,174
97,175
97,166
97,162
97,169
97,166
97,163
97,170
97,173
97,170
97,168
97,157
97,163
97,162
97,161
97,166
97,165
97,157
97,166
97,164
97,157
97,157
97,160
97,166
97,168
97,157
97,152
97,147
97,151
97,159
97,153
97,158
97,153
97,156
97,155
97,151
97,157
97,159
97,148
97,158
97,157
97,153
97,152
97,156
97,149
97,156
97,153
97,146
97,140
97,148
97,140
97,153
97,151
97,145
97,154
97,146
97,140
97,143
97,152
97,144
97,144
97,137
97,146
97,148
97,148
97,141
97,139
97,142
97,145
97,144
97,143
97,138
97,146
97,142
97,129
97,137
97,139
97,133
97,140
97,133
97,139
97,133
97,138
97,128
97,133
97,144
97,132
97,139
97,138
97,127
97,131
97,133
97,137
97,130
97,126
97,124
97,127
97,130
97,127
97,136
97,142
97,129
97,130
97,135
97,129
97,125
97,123
97,135
97,130
97,131
97,130
97,127
97,132
97,122
97,126
97,127
97,125
97,121
97,121
97,121
97,113
97,121
97,128
97,117
97,125
97,121
97,120
97,118
97,116
97,123
97,120
97,122
97,128
97,131
97,119
97,119
97,115
97,118
97,107
97,116
97,114
97,117
97,119
97,121
97,117
97,121
97,123
97,111
97,120
97,113
97,110
97,111
97,118
97,113
97,115
97,123
97,119
97,118
97,110
97,118
97,117
97,111
97,107
97,126
97,110
97,113
97,110
97,111
97,114
97,110
97,117
97,107
97,113
97,112
97,105
97,112
97,111
97,114
97,120
97,115
97,112
97,109
97,102
97,108
97,107
97,110
97,105
97,110
97,107
97,113
97,110
97,102
97,109
97,094
97,106
97,107
97,107
97,101
97,101
97,099
97,111
97,101
97,112
97,097
97,108
97,110
97,104
97,101
97,105
97,101
97,103
97,104
97,107
97,101
97,090
97,101
97,106
97,101
97,098
97,099
97,102
97,099
97,100
97,106
97,097
97,101
97,102
97,098
97,111
97,101
97,100
97,097
97,099
97,107
97,096
97,098
97,103
97,097
97,100
97,093
97,096
97,094
97,096
97,106
97,094
97,100
97,091
97,092
97,095
97,094
97,099
97,098
97,105
97,104
97,109
97,111
97,127
97,150
97,182
97,192
97,213
97,225
97,250
97,255
97,255
97,262
97,267
97,283
97,277
97,273
97,270
97,253
97,263
97,255
97,258
97,241
97,240
97,240
97,235
97,240
97,232
97,230
97,227
97,227
97,234
97,220
97,228
97,221
97,221
97,228
97,224
97,233
97,239
97,227
97,235
97,228
97,227
97,228
97,227
97,230
97,226
97,224
97,225
97,221
97,215
97,224
97,219
97,217
97,219
97,223
97,217
97,216
97,213
97,213
97,212
97,217
97,205
97,213
97,209
97,216
97,210
97,203
97,205
97,207
97,203
97,213
97,206
97,198
97,208
97,201
97,201
97,190
97,201
97,205
97,197
97,199
97,201
97,189
97,191
97,192
97,188
97,197
97,197
97,200
97,189
97,190
97,181
97,195
97,185
97,191
97,188
97,180
97,178
97,186
97,182
97,199
97,184
97,182
97,174
97,182
97,182
97,183
97,181
97,180
97,184
97,183
97,178
97,179
97,173
97,177
97,173
97,172
97,177
97,176
97,181
97,178
97,177
97,170
97,174
97,174
97,179
97,170
97,166
97,168
97,167
97,175
97,166
97,169
97,173
97,173
97,167
97,170
97,172
97,166
97,169
97,169
97,166
97,171
97,162
97,172
97,166
97,158
97,169
97,162
97,168
97,159
97,160
97,162
97,157
97,156
97,164
97,151
97,164
97,158
97,147
97,154
97,154
97,160
97,152
97,152
97,163
97,148
97,154
97,153
97,157
97,146
97,149
97,156
97,163
97,147
97,151
97,141
97,149
97,150
97,145
97,148
97,147
97,149
97,145
97,143
97,150
97,151
97,144
97,145
97,150
97,143
97,145
97,148
97,139
97,145
97,139
97,142
97,138
97,145
97,142
97,137
97,137
97,138
97,135
97,142
97,143
97,145
97,141
97,142
97,130
97,132
97,140
97,144
97,136
97,138
97,145
97,131
97,132
97,137
97,128
97,131
97,135
97,129
97,130
97,133
97,133
97,140
97,129
97,132
97,123
97,130
97,133
97,131
97,130
97,143
97,131
97,140
97,131
97,137
97,128
97,125
97,130
97,125
97,123
97,119
97,131
97,124
97,131
97,125
97,128
97,125
97,122
97,127
97,127
97,119
97,130
97,111
97,121
97,126
97,125
97,132
97,124
97,120
97,121
97,109
97,117
97,125
97,110
97,129
97,118
97,108
97,116
97,121
97,121
97,114
97,118
97,107
97,111
97,114
97,111
97,111
97,120
97,116
97,119
97,113
97,116
97,119
97,116
97,115
97,113
97,113
97,113
97,108
97,110
97,106
97,110
97,115
97,116
97,119
97,111
97,107
97,118
97,107
97,116
97,109
97,111
97,106
97,106
97,114
97,103
97,110
97,115
97,105
97,112
97,115
97,101
97,099
97,113
97,098
97,105
97,110
97,108
97,103
97,102
97,102
97,110
97,109
97,109
97,106
97,106
97,109
97,114
97,110
97,104
97,101
97,109
97,109
97,099
97,110
97,105
97,105
97,105
97,103
97,103
97,104
97,104
97,104
97,098
97,102
97,105
97,104
97,110
97,100
97,105
97,100
97,100
97,099
97,096
97,096
97,106
97,100
97,089
97,096
97,097
97,094
97,099
97,097
97,107
97,098
97,095
97,097
97,102
97,100
97,098
97,101
97,092
97,104
97,096
97,098
97,092
97,099
97,102
97,109
97,098
97,096
97,103
97,099
97,096
97,092
97,098
97,106
97,117
97,131
97,147
97,158
97,175
97,218
97,235
97,248
97,252
97,261
97,274
97,276
97,263
97,273
97,265
97,263
97,261
97,253
97,258
97,251
97,250
97,245
97,239
97,239
97,234
97,233
97,233
97,222
97,227
97,230
97,223
97,232
97,229
97,229
97,237
97,225
97,228
97,226
97,228
97,229
97,230
97,225
97,214
97,228
97,221
97,227
97,217
97,222
97,223
97,215
97,220
97,212
97,219
97,220
97,224
97,211
97,216
97,216
97,221
97,215
97,204
97,217
97,209
97,211
97,209
97,211
97,204
97,206
97,197
97,204
97,208
97,205
97,193
97,198
97,203
97,195
97,205
97,191
97,198
97,197
97,197
97,196
97,201
97,199
97,198
97,191
97,190
97,186
97,191
97,187
97,189
97,202
97,180
97,189
97,181
97,186
97,187
97,182
97,187
97,178
97,177
97,181
97,189
97,191
97,180
97,180
97,180
97,178
97,181
97,172
97,178
97,174
97,176
97,179
97,172
97,176
97,172
97,171
97,186
97,182
97,175
97,171
97,176
97,176
97,169
97,176
97,176
97,168
97,173
97,172
97,178
97,163
97,178
97,167
97,166
97,159
97,163
97,158
97,161
97,173
97,162
97,167
97,160
97,162
97,161
97,159
97,166
97,160
97,157
97,161
97,162
97,163
97,162
97,155
97,157
97,164
97,161
97,162
97,159
97,157
97,161
97,147
97,154
97,160
97,154
97,159
97,151
97,141
97,143
97,153
97,148
97,151
97,150
97,148
97,147
97,158
97,147
97,144
97,149
97,145
97,152
97,150
97,148
97,142
97,143
97,147
97,143
97,150
97,144
97,148
97,138
97,137
97,147
97,138
97,141
97,140
97,145
97,148
97,138
97,134
97,146
97,145
97,133
97,146
97,138
97,134
97,137
97,142
97,139
97,138
97,130
97,139
97,133
97,129
97,136
97,138
97,133
97,140
97,133
97,126
97,133
97,122
97,131
97,132
97,122
97,134
97,139
97,136
97,126
97,131
97,127
97,135
97,129
97,126
97,126
97,128
97,124
97,127
97,119
97,134
97,127
97,124
97,128
97,130
97,128
97,126
97,129
97,120
97,131
97,112
97,130
97,131
97,127
97,125
97,116
97,126
97,117
97,132
97,125
97,119
97,125
97,114
97,120
97,119
97,120
97,124
97,124
97,117
97,125
97,113
97,117
97,113
97,122
97,110
97,112
97,109
97,115
97,123
97,119
97,122
97,111
97,117
97,107
97,114
97,115
97,108
97,120
97,116
97,116
97,112
97,110
97,107
97,115
97,112
97,105
97,109
97,117
97,114
97,109
97,113
97,109
97,104
97,113
97,103
97,104
97,105
97,108
97,100
97,112
97,108
97,102
97,108
97,105
97,103
97,113
97,110
97,109
97,103
97,110
97,109
97,109
97,107
97,103
97,109
97,097
97,110
97,102
97,110
97,109
97,107
97,110
97,103
97,108
97,096
97,106
97,095
97,104
97,103
97,102
97,097
97,104
97,107
97,097
97,106
97,104
97,103
97,097
97,100
97,105
97,107
97,098
97,110
97,099
97,103
97,098
97,105
97,105
97,105
97,107
97,106
97,105
97,099
97,089
97,092
97,095
97,098
97,095
97,097
97,090
97,092
97,102
97,098
97,100
97,094
97,098
97,094
97,092
97,094
97,091
97,101
97,092
97,096
97,098
97,089
97,093
97,102
97,091
97,095
97,088
97,102
97,111
97,124
97,129
97,157
97,172
97,191
97,204
97,219
97,245
97,252
97,262
97,261
97,271
97,275
97,266
97,263
97,263
97,251
97,257
97,252
97,246
97,228
97,226
97,225
97,232
97,226
97,235
97,222
97,227
97,222
97,233
97,223
97,225
97,231
97,218
97,231
97,228
97,234
97,230
97,225
97,227
97,235
97,227
97,235
97,228
97,228
97,222
97,223
97,225
97,218
97,230
97,219
97,223
97,212
97,211
97,214
97,207
97,213
97,214
97,212
97,210
97,206
97,207
97,209
97,201
97,204
97,213
97,206
97,192
97,201
97,199
97,196
97,189
97,203
97,199
97,197
97,203
97,204
97,203
97,200
97,195
97,197
97,194
97,191
97,193
97,191
97,192
97,192
97,191
97,186
97,186
97,185
97,192
97,194
97,178
97,184
97,186
97,183
97,192
97,179
97,180
97,188
97,178
97,185
97,186
97,179
97,180
97,181
97,186
97,174
97,184
97,176
97,179
97,181
97,185
97,176
97,185
97,171
97,178
97,177
97,169
97,176
97,163
97,177
97,172
97,165
97,173
97,173
97,170
97,166
97,169
97,163
97,166
97,166
97,169
97,162
97,160
97,153
97,162
97,171
97,157
97,158
97,161
97,154
97,171
97,166
97,157
97,164
97,159
97,160
97,166
97,157
97,157
97,156
97,157
97,154
97,160
97,149
97,149
97,154
97,162
97,157
97,154
97,156
97,154
97,159
97,151
97,150
97,151
97,141
97,154
97,143
97,147
97,151
97,147
97,153
97,152
97,151
97,147
97,142
97,145
97,144
97,141
97,143
97,144
97,147
97,150
97,143
97,134
97,148
97,134
97,141
97,145
97,142
97,145
97,143
97,134
97,133
97,138
97,140
97,135
97,139
97,134
97,143
97,135
97,139
97,134
97,130
97,139
97,141
97,139
97,137
97,145
97,132
97,136
97,122
97,125
97,129
97,132
97,136
97,133
97,135
97,136
97,126
97,133
97,126
97,130
97,129
97,121
97,127
97,141
97,135
97,123
97,127
97,123
97,129
97,126
97,124
97,136
97,125
97,124
97,133
97,128
97,128
97,118
97,130
97,126
97,127
97,118
97,130
97,125
97,129
97,118
97,117
97,122
97,117
97,125
97,119
97,117
97,116
97,117
97,111
97,116
97,115
97,123
97,114
97,118
97,115
97,120
97,109
97,126
97,118
97,117
97,122
97,117
97,113
97,121
97,108
97,108
97,119
97,125
97,116
97,121
97,105
97,119
97,115
97,112
97,113
97,118
97,120
97,117
97,112
97,110
97,115
97,111
97,107
97,103
97,112
97,110
97,110
97,107
97,109
97,107
97,112
97,102
97,111
97,113
97,104
97,113
97,100
97,116
97,113
97,115
97,105
97,109
97,101
97,107
97,105
97,099
97,103
97,110
97,106
97,104
97,105
97,106
97,112
97,108
97,099
97,102
97,102
97,097
97,107
97,106
97,102
97,102
97,100
97,098
97,099
97,098
97,099
97,104
97,099
97,101
97,102
97,102
97,101
97,098
97,096
97,098
97,098
97,097
97,088
97,105
97,096
97,100
97,097
97,100
97,097
97,096
97,096
97,101
97,093
97,098
97,100
97,101
97,103
97,092
97,098
97,091
97,092
97,094
97,094
97,094
97,107
97,104
97,103
97,085
97,090
97,097
97,098
97,096
97,097
97,097
97,096
97,086
97,096
97,096
97,095
97,099
97,105
97,102
97,118
97,124
97,145
97,156
97,183
97,192
97,224
97,239
97,250
97,253
97,259
97,270
97,270
97,271
97,273
97,271
97,255
97,254
97,249
97,245
97,239
97,238
97,225
97,227
97,230
97,229
97,227
97,228
97,226
97,222
97,233
97,229
97,220
97,216
97,221
97,225
97,225
97,223
97,227
97,229
97,228
97,224
97,230
97,214
97,217
97,217
97,219
97,222
97,215
97,223
97,212
97,218
97,212
97,223
97,208
97,220
97,204
97,219
97,215
97,214
97,216
97,213
97,203
97,210
97,206
97,211
97,206
97,203
97,202
97,208
97,197
97,198
97,201
97,193
97,199
97,190
97,203
97,193
97,203
97,199
97,194
97,192
97,187
97,195
97,192
97,193
97,196
97,192
97,187
97,192
97,191
97,176
97,198
97,187
97,191
97,180
97,187
97,185
97,190
97,181
97,182
97,177
97,184
97,173
97,184
97,182
97,187
97,180
97,167
97,174
97,180
97,178
97,176
97,181
97,180
97,169
97,174
97,180
97,172
97,173
97,175
97,167
97,167
97,169
97,165
97,160
97,171
97,172
97,170
97,162
97,161
97,175
97,165
97,159
97,166
97,160
97,168
97,160
97,168
97,163
97,169
97,165
97,161
97,162
97,157
97,156
97,162
97,150
97,162
97,156
97,158
97,163
97,148
97,168
97,162
97,160
97,150
97,154
97,157
97,157
97,157
97,150
97,152
97,152
97,143
97,153
97,151
97,150
97,156
97,162
97,155
97,150
97,150
97,153
97,148
97,145
97,145
97,142
97,150
97,140
97,141
97,143
97,143
97,147
97,133
97,149
97,149
97,136
97,140
97,151
97,142
97,133
97,146
97,148
97,142
97,136
97,141
97,143
97,138
97,138
97,141
97,133
97,126
97,134
97,140
97,145
97,130
97,129
97,142
97,133
97,140
97,128
97,141
97,138
97,133
97,138
97,132
97,132
97,133
97,127
97,127
97,139
97,130
97,136
97,130
97,130
97,128
97,121
97,137
97,131
97,128
97,125
97,133
97,132
97,128
97,130
97,128
97,125
97,123
97,124
97,125
97,123
97,125
97,121
97,127
97,126
97,115
97,122
97,122
97,115
97,122
97,120
97,120
97,119
97,125
97,115
97,124
97,127
97,120
97,124
97,117
97,126
97,117
97,121
97,121
97,120
97,113
97,116
97,115
97,113
97,115
97,113
97,123
97,127
97,114
97,114
97,113
97,109
97,122
97,117
97,124
97,115
97,107
97,120
97,114
97,116
97,112
97,114
97,114
97,106
97,111
97,109
97,108
97,113
97,112
97,107
97,108
97,114
97,108
97,116
97,106
97,106
97,111
97,110
97,108
97,103
97,113
97,108
97,116
97,112
97,106
97,100
97,101
97,110
97,103
97,102
97,100
97,099
97,110
97,097
97,103
97,102
97,096
97,099
97,102
97,098
97,104
97,099
97,101
97,098
97,095
97,102
97,104
97,099
97,099
97,101
97,106
97,101
97,093
97,100
97,101
97,094
97,102
97,096
97,099
97,099
97,102
97,096
97,101
97,100
97,099
97,101
97,098
97,099
97,099
97,101
97,098
97,102
97,090
97,103
97,098
97,096
97,092
97,099
97,094
97,099
97,098
97,100
97,106
97,094
97,097
97,090
97,102
97,086
97,093
97,092
97,098
97,096
97,089
97,085
97,086
97,094
97,093
97,090
97,088
97,094
97,088
97,098
97,101
97,104
97,106
97,117
97,136
97,160
97,172
97,192
97,213
97,224
97,237
97,245
97,247
97,265
97,268
97,267
97,264
97,267
97,261
97,264
97,257
97,256
97,245
97,241
97,232
97,235
97,232
97,222
97,234
97,225
97,225
97,225
97,227
97,230
97,225
97,223
97,221
97,230
97,228
97,227
97,222
97,225
97,217
97,222
97,216
97,216
97,218
97,217
97,210
97,227
97,218
97,217
97,218
97,212
97,217
97,213
97,216
97,212
97,217
97,210
97,210
97,204
97,215
97,211
97,199
97,209
97,207
97,207
97,207
97,200
97,202
97,202
97,196
97,206
97,202
97,197
97,198
97,203
97,204
97,200
97,194
97,194
97,193
97,201
97,197
97,196
97,192
97,197
97,190
97,197
97,191
97,190
97,183
97,191
97,186
97,191
97,177
97,185
97,191
97,179
97,183
97,183
97,186
97,181
97,190
97,177
97,177
97,184
97,179
97,174
97,175
97,171
97,176
97,179
97,173
97,181
97,184
97,177
97,175
97,173
97,169
97,172
97,174
97,174
97,177
97,165
97,169
97,165
97,175
97,172
97,160
97,162
97,167
97,177
97,168
97,161
97,162
97,161
97,163
97,172
97,169
97,161
97,166
97,164
97,158
97,161
97,165
97,158
97,159
97,159
97,160
97,156
97,159
97,157
97,150
97,156
97,156
97,156
97,158
97,153
97,163
97,157
97,145
97,154
97,150
97,146
97,148
97,152
97,149
97,151
97,149
97,149
97,154
97,142
97,145
97,148
97,146
97,149
97,143
97,149
97,142
97,145
97,144
97,145
97,150
97,148
97,146
97,150
97,146
97,144
97,140
97,140
97,147
97,144
97,139
97,144
97,139
97,139
97,135
97,125
97,143
97,137
97,133
97,143
97,144
97,141
97,135
97,136
97,136
97,142
97,134
97,133
97,129
97,130
97,137
97,133
97,143
97,129
97,130
97,125
97,130
97,139
97,123
97,130
97,125
97,122
97,121
97,126
97,129
97,129
97,133
97,127
97,130
97,133
97,118
97,126
97,124
97,125
97,130
97,128
97,122
97,126
97,119
97,125
97,130
97,130
97,117
97,120
97,118
97,118
97,123
97,123
97,127
97,120
97,134
97,121
97,119
97,112
97,116
97,114
97,119
97,124
97,109
97,113
97,111
97,122
97,113
97,117
97,118
97,118
97,122
97,123
97,110
97,117
97,103
97,112
97,117
97,106
97,109
97,108
97,116
97,109
97,107
97,108
97,103
97,115
97,116
97,114
97,110
97,108
97,096
97,113
97,111
97,111
97,115
97,113
97,114
97,107
97,107
97,112
97,112
97,098
97,106
97,112
97,108
97,101
97,099
97,099
97,104
97,102
97,107
97,106
97,110
97,109
97,110
97,104
97,105
97,107
97,095
97,103
97,109
97,107
97,105
97,101
97,091
97,097
97,105
97,104
97,104
97,102
97,108
97,095
97,091
97,096
97,101
97,105
97,097
97,098
97,099
97,106
97,101
97,112
97,100
97,109
97,098
97,109
97,104
97,094
97,098
97,102
97,097
97,093
97,105
97,104
97,102
97,112
97,098
97,101
97,100
97,097
97,101
97,085
97,100
97,095
97,092
97,103
97,094
97,091
97,099
97,089
97,092
97,095
97,097
97,102
97,103
97,094
97,098
97,095
97,092
97,098
97,092
97,094
97,099
97,100
97,095
97,098
97,092
97,093
97,091
97,088
97,087
97,094
97,093
97,113
97,138
97,146
97,168
97,178
97,209
97,215
97,229
97,232
97,248
97,269
97,262
97,263
97,267
97,260
97,266
97,267
97,259
97,240
97,248
97,245
97,234
97,237
97,225
97,230
97,221
97,226
97,224
97,227
97,222
97,232
97,221
97,217
97,219
97,226
97,226
97,224
97,226
97,232
97,220
97,224
97,230
97,218
97,233
97,223
97,221
97,229
97,211
97,214
97,213
97,220
97,215
97,219
97,208
97,207
97,218
97,216
97,215
97,205
97,210
97,209
97,211
97,207
97,212
97,204
97,200
97,198
97,213
97,195
97,199
97,199
97,195
97,191
97,196
97,198
97,189
97,195
97,194
97,186
97,193
97,199
97,192
97,189
97,191
97,190
97,195
97,194
97,193
97,189
97,188
97,193
97,185
97,188
97,188
97,184
97,185
97,178
97,181
97,185
97,191
97,179
97,176
97,177
97,178
97,183
97,172
97,177
97,179
97,173
97,170
97,182
97,184
97,183
97,177
97,176
97,171
97,179
97,171
97,176
97,169
97,176
97,174
97,165
97,167
97,176
97,170
97,163
97,168
97,174
97,166
97,169
97,170
97,166
97,167
97,172
97,167
97,158
97,165
97,170
97,155
97,162
97,166
97,164
97,152
97,153
97,155
97,169
97,151
97,152
97,146
97,153
97,163
97,158
97,148
97,160
97,154
97,152
97,162
97,146
97,144
97,160
97,144
97,146
97,149
97,157
97,145
97,148
97,150
97,151
97,143
97,153
97,154
97,145
97,148
97,148
97,143
97,150
97,148
97,152
97,144
97,143
97,139
97,141
97,143
97,150
97,145
97,137
97,133
97,147
97,138
97,139
97,142
97,145
97,145
97,143
97,141
97,140
97,140
97,130
97,132
97,135
97,147
97,132
97,133
97,142
97,129
97,127
97,130
97,128
97,132
97,128
97,142
97,128
97,126
97,136
97,135
97,132
97,130
97,130
97,133
97,127
97,122
97,129
97,129
97,131
97,118
97,135
97,128
97,127
97,124
97,126
97,128
97,119
97,126
97,129
97,125
97,120
97,127
97,132
97,124
97,131
97,118
97,118
97,122
97,121
97,123
97,130
97,118
97,126
97,109
97,122
97,124
97,121
97,129
97,116
97,110
97,127
97,129
97,123
97,108
97,123
97,105
97,113
97,126
97,114
97,124
97,112
97,114
97,112
97,113
97,116
97,121
97,112
97,117
97,117
97,115
97,115
97,110
97,107
97,116
97,115
97,114
97,116
97,110
97,111
97,109
97,126
97,113
97,107
97,107
97,103
97,111
97,108
97,110
97,100
97,106
97,109
97,104
97,109
97,104
97,108
97,106
97,098
97,103
97,102
97,107
97,106
97,106
97,102
97,105
97,111
97,105
97,096
97,107
97,105
97,107
97,104
97,114
97,108
97,102
97,094
97,096
97,094
97,105
97,108
97,100
97,103
97,098
97,095
97,094
97,098
97,096
97,102
97,097
97,101
97,103
97,097
97,101
97,096
97,103
97,096
97,111
97,103
97,110
97,093
97,095
97,101
97,098
97,101
97,096
97,107
97,100
97,101
97,098
97,095
97,098
97,098
97,103
97,100
97,096
97,094
97,095
97,093
97,096
97,102
97,092
97,089
97,096
97,098
97,090
97,097
97,099
97,099
97,092
97,097
97,094
97,095
97,091
97,099
97,090
97,085
97,087
97,098
97,096
97,089
97,092
97,092
97,085
97,084
97,091
97,105
97,110
97,123
97,140
97,153
97,164
97,188
97,202
97,235
97,250
97,258
97,258
97,271
97,262
97,264
97,266
97,263
97,258
97,254
97,251
97,242
97,232
97,235
97,234
97,225
97,228
97,225
97,221
97,230
97,216
97,228
97,216
97,224
97,223
97,216
97,221
97,227
97,217
97,227
97,225
97,219
97,228
97,218
97,219
97,225
97,223
97,209
97,219
97,225
97,225
97,210
97,213
97,212
97,215
97,218
97,217
97,212
97,212
97,205
97,211
97,213
97,210
97,198
97,205
97,202
97,202
97,203
97,193
97,190
97,192
97,193
97,195
97,200
97,199
97,194
97,195
97,194
97,194
97,200
97,196
97,195
97,193
97,199
97,187
97,186
97,187
97,192
97,175
97,187
97,192
97,192
97,179
97,188
97,191
97,190
97,179
97,191
97,176
97,188
97,181
97,180
97,175
97,185
97,181
97,182
97,175
97,176
97,170
97,179
97,173
97,172
97,179
97,168
97,169
97,183
97,173
97,166
97,171
97,167
97,171
97,165
97,176
97,165
97,169
97,168
97,164
97,161
97,174
97,166
97,166
97,163
97,163
97,154
97,160
97,159
97,157
97,170
97,170
97,161
97,158
97,164
97,149
97,153
97,157
97,151
97,162
97,162
97,159
97,159
97,151
97,159
97,160
97,152
97,154
97,149
97,153
97,157
97,144
97,154
97,156
97,141
97,155
97,146
97,147
97,151
97,153
97,151
97,149
97,150
97,146
97,154
97,147
97,141
97,144
97,155
97,145
97,142
97,146
97,145
97,151
97,148
97,149
97,136
97,140
97,140
97,141
97,147
97,140
97,142
97,143
97,142
97,145
97,139
97,133
97,138
97,138
97,134
97,137
97,135
97,137
97,135
97,139
97,127
97,141
97,134
97,133
97,133
97,131
97,129
97,140
97,133
97,128
97,136
97,134
97,128
97,124
97,132
97,125
97,128
97,130
97,131
97,113
97,123
97,134
97,132
97,139
97,124
97,124
97,118
97,136
97,129
97,131
97,122
97,126
97,127
97,127
97,127
97,123
97,119
97,127
97,119
97,123
97,122
97,125
97,122
97,119
97,123
97,124
97,121
97,121
97,121
97,116
97,119
97,125
97,123
97,122
97,114
97,116
97,121
97,111
97,114
97,119
97,114
97,113
97,112
97,124
97,115
97,105
97,111
97,121
97,104
97,113
97,116
97,107
97,105
97,111
97,115
97,113
97,109
97,115
97,107
97,105
97,113
97,106
97,102
97,110
97,116
97,109
97,117
97,106
97,108
97,109
97,106
97,112
97,103
97,109
97,106
97,106
97,108
97,112
97,102
97,099
97,105
97,103
97,109
97,097
97,100
97,098
97,102
97,105
97,095
97,105
97,103
97,100
97,106
97,106
97,112
97,105
97,100
97,105
97,103
97,097
97,098
97,100
97,103
97,105
97,095
97,105
97,098
97,101
97,105
97,104
97,102
97,105
97,102
97,105
97,097
97,101
97,100
97,100
97,096
97,100
97,098
97,098
97,093
97,104
97,095
97,103
97,092
97,095
97,100
97,092
97,091
97,100
97,096
97,090
97,090
97,094
97,092
97,090
97,098
97,094
97,101
97,093
97,097
97,085
97,090
97,100
97,098
97,095
97,093
97,092
97,084
97,090
97,096
97,093
97,087
97,092
97,089
97,097
97,096
97,087
97,094
97,094
97,098
97,092
97,092
97,091
97,092
97,094
97,105
97,111
97,122
97,129
97,151
97,158
97,172
97,191
97,215
97,231
97,237
97,240
97,260
97,270
97,267
97,267
97,260
97,259
97,249
97,249
97,240
97,236
97,239
97,224
97,238
97,225
97,216
97,220
97,224
97,220
97,228
97,221
97,221
97,212
97,219
97,225
97,225
97,227
97,223
97,221
97,226
97,226
97,220
97,228
97,225
97,209
97,220
97,219
97,222
97,213
97,223
97,222
97,217
97,202
97,213
97,212
97,213
97,216
97,209
97,213
97,215
97,209
97,202
97,208
97,207
97,203
97,202
97,205
97,211
97,208
97,204
97,201
97,199
97,197
97,199
97,204
97,204
97,192
97,191
97,193
97,192
97,195
97,187
97,195
97,185
97,185
97,195
97,186
97,195
97,184
97,187
97,195
97,192
97,194
97,187
97,185
97,184
97,180
97,188
97,186
97,178
97,179
97,178
97,181
97,175
97,176
97,178
97,183
97,172
97,171
97,179
97,170
97,172
97,173
97,173
97,170
97,173
97,180
97,176
97,176
97,167
97,164
97,173
97,175
97,170
97,167
97,172
97,165
97,176
97,163
97,167
97,167
97,170
97,167
97,165
97,165
97,164
97,166
97,163
97,164
97,167
97,163
97,158
97,158
97,152
97,160
97,161
97,162
97,156
97,163
97,153
97,156
97,161
97,159
97,151
97,149
97,161
97,150
97,159
97,146
97,149
97,143
97,148
97,154
97,153
97,144
97,152
97,138
97,148
97,151
97,147
97,150
97,148
97,143
97,144
97,149
97,144
97,146
97,148
97,139
97,147
97,140
97,144
97,138
97,139
97,139
97,140
97,147
97,135
97,141
97,131
97,128
97,144
97,134
97,135
97,134
97,140
97,133
97,144
97,136
97,124
97,146
97,132
97,137
97,141
97,135
97,141
97,128
97,133
97,132
97,133
97,128
97,127
97,129
97,128
97,130
97,133
97,135
97,136
97,136
97,127
97,130
97,134
97,135
97,126
97,120
97,117
97,126
97,123
97,116
97,131
97,122
97,127
97,118
97,127
97,123
97,123
97,124
97,135
97,121
97,122
97,125
97,118
97,122
97,122
97,127
97,121
97,118
97,114
97,114
97,120
97,118
97,118
97,124
97,112
97,110
97,121
97,118
97,114
97,109
97,115
97,109
97,112
97,123
97,112
97,109
97,116
97,120
97,118
97,117
97,116
97,105
97,116
97,115
97,111
97,107
97,116
97,110
97,103
97,116
97,119
97,105
97,109
97,111
97,113
97,112
97,105
97,114
97,107
97,108
97,105
97,112
97,112
97,116
97,103
97,108
97,114
97,100
97,101
97,105
97,113
97,102
97,104
97,106
97,107
97,105
97,112
97,105
97,103
97,103
97,096
97,107
97,103
97,103
97,105
97,109
97,107
97,101
97,102
97,097
97,104
97,103
97,091
97,104
97,100
97,100
97,107
97,111
97,098
97,102
97,099
97,092
97,104
97,103
97,100
97,102
97,104
97,101
97,094
97,102
97,106
97,096
97,094
97,094
97,095
97,095
97,098
97,097
97,094
97,104
97,096
97,095
97,097
97,098
97,095
97,097
97,093
97,091
97,093
97,094
97,099
97,093
97,095
97,101
97,096
97,088
97,094
97,087
97,095
97,090
97,101
97,098
97,101
97,098
97,093
97,089
97,089
97,085
97,095
97,098
97,083
97,094
97,091
97,088
97,092
97,094
97,091
97,088
97,091
97,094
97,089
97,106
97,109
97,120
97,143
97,158
97,161
97,183
97,204
97,219
97,227
97,238
97,254
97,263
97,257
97,264
97,266
97,260
97,263
97,251
97,246
97,241
97,242
97,236
97,231
97,223
97,229
97,221
97,228
97,218
97,225
97,214
97,218
97,215
97,220
97,222
97,226
97,223
97,224
97,226
97,220
97,213
97,222
97,217
97,217
97,221
97,211
97,228
97,216
97,220
97,215
97,207
97,207
97,205
97,213
97,209
97,209
97,211
97,203
97,212
97,208
97,203
97,200
97,207
97,202
97,193
97,201
97,205
97,199
97,195
97,202
97,200
97,187
97,202
97,204
97,197
97,191
97,198
97,189
97,193
97,193
97,188
97,196
97,189
97,190
97,190
97,184
97,189
97,185
97,191
97,191
97,179
97,174
97,180
97,178
97,183
97,182
97,177
97,181
97,184
97,181
97,167
97,174
97,183
97,180
97,174
97,173
97,176
97,179
97,163
97,178
97,174
97,168
97,169
97,174
97,172
97,175
97,170
97,170
97,186
97,171
97,166
97,170
97,166
97,167
97,166
97,170
97,166
97,172
97,164
97,158
97,165
97,173
97,168
97,170
97,157
97,157
97,157
97,158
97,155
97,164
97,164
97,151
97,164
97,153
97,154
97,156
97,144
97,160
97,158
97,150
97,150
97,152
97,155
97,151
97,168
97,152
97,150
97,157
97,162
97,149
97,150
97,149
97,153
97,149
97,148
97,151
97,151
97,145
97,153
97,143
97,152
97,138
97,140
97,152
97,146
97,143
97,146
97,140
97,142
97,142
97,135
97,152
97,141
97,139
97,139
97,146
97,134
97,139
97,143
97,141
97,136
97,132
97,138
97,140
97,138
97,139
97,134
97,130
97,136
97,130
97,141
97,141
97,134
97,137
97,129
97,131
97,128
97,133
97,123
97,138
97,132
97,134
97,130
97,130
97,134
97,132
97,130
97,126
97,123
97,122
97,135
97,129
97,123
97,135
97,122
97,125
97,121
97,126
97,126
97,123
97,125
97,127
97,129
97,122
97,125
97,125
97,115
97,121
97,123
97,123
97,123
97,129
97,119
97,120
97,115
97,118
97,117
97,121
97,117
97,118
97,125
97,121
97,121
97,116
97,121
97,119
97,114
97,122
97,114
97,112
97,121
97,107
97,107
97,116
97,119
97,113
97,111
97,118
97,117
97,111
97,120
97,104
97,109
97,115
97,108
97,110
97,098
97,115
97,108
97,116
97,102
97,113
97,105
97,104
97,114
97,113
97,106
97,107
97,116
97,108
97,101
97,106
97,106
97,108
97,104
97,111
97,108
97,103
97,115
97,105
97,102
97,103
97,109
97,109
97,106
97,110
97,097
97,098
97,106
97,102
97,111
97,096
97,107
97,104
97,101
97,104
97,100
97,101
97,098
97,103
97,099
97,099
97,100
97,100
97,101
97,105
97,104
97,103
97,104
97,094
97,106
97,096
97,093
97,089
97,098
97,090
97,102
97,093
97,105
97,104
97,095
97,097
97,104
97,098
97,103
97,099
97,096
97,101
97,102
97,100
97,099
97,102
97,094
97,096
97,098
97,096
97,092
97,102
97,093
97,098
97,106
97,095
97,098
97,089
97,084
97,087
97,093
97,096
97,091
97,094
97,092
97,089
97,096
97,090
97,083
97,093
97,093
97,097
97,093
97,086
97,093
97,088
97,085
97,095
97,084
97,093
97,089
97,085
97,086
97,094
97,094
97,103
97,109
97,124
97,145
97,152
97,176
97,187
97,210
97,228
97,238
97,240
97,266
97,256
97,260
97,270
97,261
97,259
97,254
97,255
97,246
97,237
97,237
97,227
97,227
97,231
97,223
97,227
97,227
97,221
97,227
97,222
97,219
97,222
97,220
97,229
97,220
97,219
97,219
97,217
97,216
97,220
97,221
97,216
97,223
97,218
97,219
97,213
97,203
97,214
97,209
97,215
97,220
97,210
97,211
97,213
97,203
97,209
97,210
97,201
97,207
97,212
97,205
97,202
97,201
97,210
97,201
97,199
97,203
97,193
97,196
97,193
97,198
97,199
97,207
97,196
97,185
97,199
97,190
97,180
97,193
97,183
97,192
97,188
97,193
97,185
97,185
97,191
97,192
97,176
97,179
97,181
97,176
97,179
97,178
97,176
97,181
97,174
97,185
97,187
97,178
97,181
97,176
97,178
97,172
97,182
97,178
97,178
97,174
97,166
97,173
97,171
97,170
97,169
97,173
97,174
97,183
97,176
97,176
97,174
97,167
97,172
97,173
97,171
97,165
97,156
97,172
97,168
97,170
97,165
97,168
97,163
97,169
97,160
97,159
97,160
97,157
97,155
97,168
97,165
97,165
97,157
97,163
97,154
97,157
97,158
97,171
97,158
97,149
97,156
97,153
97,146
97,154
97,158
97,158
97,155
97,149
97,156
97,158
97,147
97,151
97,144
97,159
97,155
97,149
97,142
97,149
97,146
97,147
97,146
97,156
97,147
97,144
97,143
97,145
97,138
97,150
97,143
97,141
97,144
97,132
97,140
97,145
97,140
97,140
97,138
97,139
97,138
97,137
97,132
97,136
97,138
97,131
97,138
97,135
97,134
97,137
97,125
97,128
97,128
97,136
97,135
97,134
97,144
97,126
97,127
97,140
97,139
97,127
97,125
97,126
97,130
97,125
97,130
97,128
97,118
97,130
97,132
97,122
97,138
97,129
97,125
97,123
97,124
97,124
97,131
97,131
97,130
97,120
97,126
97,125
97,129
97,135
97,118
97,125
97,130
97,127
97,118
97,124
97,122
97,120
97,122
97,128
97,117
97,115
97,119
97,119
97,123
97,120
97,126
97,106
97,118
97,121
97,122
97,119
97,114
97,115
97,113
97,112
97,114
97,116
97,109
97,109
97,109
97,108
97,104
97,117
97,110
97,110
97,106
97,116
97,115
97,109
97,107
97,109
97,111
97,106
97,110
97,108
97,102
97,117
97,108
97,105
97,115
97,108
97,111
97,112
97,113
97,107
97,114
97,110
97,111
97,093
97,115
97,115
97,105
97,088
97,100
97,102
97,107
97,103
97,110
97,103
97,105
97,110
97,100
97,093
97,104
97,111
97,105
97,096
97,098
97,107
97,097
97,108
97,100
97,101
97,109
97,103
97,106
97,105
97,100
97,100
97,092
97,098
97,108
97,094
97,101
97,102
97,097
97,097
97,094
97,099
97,097
97,098
97,100
97,092
97,097
97,102
97,101
97,094
97,100
97,103
97,092
97,100
97,097
97,090
97,097
97,092
97,093
97,083
97,093
97,098
97,095
97,090
97,089
97,091
97,088
97,087
97,082
97,098
97,103
97,086
97,094
97,091
97,085
97,092
97,095
97,084
97,089
97,094
97,089
97,092
97,089
97,093
97,081
97,086
97,094
97,089
97,089
97,087
97,095
97,087
97,089
97,091
97,090
97,080
97,087
97,083
97,081
97,088
97,094
97,096
97,123
97,133
97,150
97,167
97,178
97,204
97,222
97,227
97,236
97,253
97,259
97,264
97,263
97,256
97,258
97,254
97,257
97,253
97,244
97,241
97,233
97,233
97,223
97,222
97,224
97,211
97,215
97,220
97,214
97,220
97,211
97,211
97,218
97,210
97,227
97,212
97,220
97,218
97,227
97,222
97,218
97,220
97,219
97,214
97,213
97,223
97,207
97,212
97,216
97,214
97,217
97,208
97,214
97,213
97,207
97,200
97,210
97,208
97,196
97,212
97,201
97,205
97,201
97,202
97,200
97,200
97,201
97,199
97,195
97,197
97,195
97,197
97,193
97,197
97,193
97,191
97,188
97,191
97,196
97,187
97,188
97,186
97,192
97,184
97,192
97,187
97,179
97,185
97,190
97,182
97,177
97,178
97,181
97,188
97,177
97,178
97,184
97,176
97,186
97,185
97,172
97,178
97,172
97,175
97,172
97,169
97,171
97,170
97,169
97,177
97,173
97,167
97,164
97,173
97,167
97,170
97,172
97,167
97,169
97,164
97,163
97,162
97,168
97,162
97,159
97,163
97,163
97,158
97,165
97,166
97,159
97,168
97,164
97,157
97,166
97,151
97,168
97,157
97,152
97,157
97,152
97,169
97,151
97,152
97,162
97,156
97,148
97,154
97,156
97,155
97,153
97,150
97,148
97,150
97,149
97,151
97,147
97,148
97,150
97,143
97,150
97,149
97,160
97,140
97,146
97,144
97,147
97,158
97,151
97,140
97,142
97,139
97,141
97,141
97,141
97,141
97,146
97,147
97,148
97,146
97,139
97,138
97,147
97,138
97,147
97,146
97,137
97,138
97,132
97,137
97,136
97,127
97,132
97,144
97,129
97,141
97,132
97,140
97,135
97,129
97,133
97,127
97,129
97,132
97,135
97,137
97,132
97,131
97,132
97,136
97,129
97,128
97,127
97,128
97,127
97,127
97,136
97,123
97,131
97,121
97,135
97,122
97,120
97,117
97,133
97,121
97,115
97,126
97,128
97,115
97,118
97,124
97,121
97,130
97,124
97,122
97,124
97,117
97,121
97,126
97,119
97,120
97,118
97,126
97,117
97,118
97,118
97,121
97,116
97,123
97,118
97,116
97,117
97,116
97,107
97,110
97,108
97,109
97,113
97,108
97,109
97,102
97,112
97,114
97,117
97,110
97,108
97,108
97,110
97,108
97,112
97,111
97,104
97,113
97,109
97,119
97,112
97,107
97,108
97,109
97,105
97,110
97,106
97,106
97,097
97,109
97,111
97,106
97,106
97,108
97,113
97,103
97,105
97,104
97,106
97,097
97,110
97,111
97,106
97,116
97,102
97,099
97,107
97,110
97,100
97,100
97,115
97,107
97,107
97,098
97,103
97,095
97,101
97,102
97,096
97,106
97,097
97,101
97,096
97,103
97,091
97,102
97,093
97,096
97,089
97,103
97,091
97,095
97,101
97,092
97,096
97,100
97,102
97,093
97,094
97,092
97,096
97,097
97,093
97,090
97,096
97,093
97,093
97,089
97,095
97,095
97,096
97,100
97,095
97,092
97,096
97,096
97,091
97,091
97,091
97,090
97,090
97,089
97,101
97,092
97,089
97,087
97,087
97,096
97,087
97,096
97,090
97,086
97,081
97,094
97,090
97,090
97,090
97,086
97,097
97,086
97,098
97,088
97,093
97,089
97,085
97,090
97,091
97,090
97,087
97,091
97,093
97,079
97,087
97,106
97,101
97,123
97,137
97,157
97,172
97,193
97,207
97,224
97,240
97,245
97,256
97,261
97,264
97,275
97,259
97,253
97,252
97,263
97,247
97,239
97,238
97,228
97,228
97,233
97,226
97,220
97,218
97,206
97,224
97,213
97,217
97,219
97,219
97,212
97,221
97,226
97,215
97,217
97,220
97,222
97,216
97,225
97,229
97,219
97,223
97,214
97,209
97,215
97,212
97,209
97,212
97,217
97,210
97,206
97,208
97,207
97,211
97,205
97,204
97,206
97,198
97,204
97,206
97,197
97,199
97,196
97,198
97,193
97,192
97,195
97,199
97,195
97,194
97,198
97,189
97,196
97,197
97,195
97,193
97,184
97,181
97,200
97,181
97,192
97,183
97,184
97,183
97,182
97,182
97,180
97,182
97,182
97,189
97,170
97,179
97,183
97,180
97,172
97,178
97,182
97,175
97,182
97,177
97,166
97,177
97,183
97,174
97,167
97,178
97,168
97,175
97,175
97,173
97,169
97,173
97,172
97,166
97,169
97,168
97,170
97,162
97,167
97,171
97,159
97,160
97,157
97,162
97,169
97,155
97,157
97,159
97,159
97,159
97,161
97,162
97,158
97,169
97,157
97,154
97,166
97,158
97,155
97,164
97,158
97,158
97,143
97,152
97,148
97,152
97,149
97,156
97,150
97,150
97,146
97,145
97,143
97,149
97,151
97,147
97,147
97,147
97,145
97,157
97,143
97,146
97,151
97,145
97,142
97,145
97,141
97,140
97,150
97,135
97,147
97,135
97,144
97,139
97,145
97,147
97,143
97,143
97,142
97,137
97,129
97,138
97,136
97,137
97,135
97,142
97,139
97,132
97,132
97,133
97,129
97,140
97,133
97,130
97,139
97,138
97,135
97,128
97,139
97,142
97,134
97,117
97,129
97,133
97,136
97,131
97,130
97,125
97,131
97,124
97,127
97,130
97,125
97,133
97,130
97,130
97,128
97,118
97,118
97,123
97,119
97,128
97,121
97,124
97,118
97,126
97,126
97,126
97,112
97,123
97,122
97,121
97,113
97,114
97,118
97,121
97,122
97,118
97,114
97,118
97,118
97,115
97,112
97,110
97,124
97,114
97,122
97,117
97,115
97,105
97,114
97,109
97,114
97,112
97,114
97,111
97,105
97,111
97,112
97,115
97,106
97,114
97,118
97,116
97,100
97,112
97,113
97,102
97,109
97,111
97,110
97,112
97,108
97,112
97,115
97,109
97,108
97,113
97,109
97,106
97,106
97,113
97,098
97,102
97,097
97,101
97,108
97,109
97,108
97,100
97,099
97,106
97,110
97,107
97,102
97,110
97,103
97,104
97,103
97,105
97,102
97,113
97,108
97,104
97,097
97,095
97,107
97,096
97,096
97,102
97,104
97,094
97,097
97,095
97,096
97,091
97,100
97,089
97,093
97,093
97,103
97,103
97,093
97,098
97,097
97,100
97,098
97,098
97,087
97,091
97,096
97,088
97,092
97,097
97,097
97,095
97,097
97,093
97,091
97,095
97,097
97,092
97,090
97,081
97,095
97,098
97,092
97,098
97,097
97,088
97,086
97,092
97,088
97,095
97,083
97,096
97,095
97,097
97,098
97,087
97,089
97,088
97,095
97,088
97,100
97,096
97,093
97,094
97,086
97,082
97,088
97,088
97,088
97,086
97,083
97,090
97,086
97,087
97,087
97,081
97,082
97,090
97,092
97,091
97,076
97,086
97,080
97,095
97,102
97,111
97,119
97,160
97,173
97,191
97,216
97,232
97,241
97,252
97,255
97,261
