97,054
97,048
97,050
97,041
97,041
97,052
97,043
97,052
97,045
97,042
97,048
97,040
97,049
97,047
97,049
97,049
97,048
97,054
97,055
97,056
97,042
97,046
97,049
97,053
97,044
97,048
97,043
97,038
97,038
97,055
97,055
97,049
97,042
97,041
97,045
97,045
97,044
97,049
97,043
97,051
97,042
97,038
97,046
97,053
97,053
97,050
97,048
97,047
97,048
97,045
97,045
97,044
97,048
97,055
97,054
97,050
97,051
97,041
97,045
97,047
97,046
97,049
97,051
97,043
97,043
97,038
97,045
97,049
97,043
97,043
97,038
97,049
97,049
97,041
97,048
97,051
97,043
97,049
97,044
97,040
97,043
97,040
97,045
97,045
97,039
97,032
97,038
97,049
97,037
97,045
97,042
97,037
97,054
97,046
97,046
97,044
97,044
97,049
97,055
97,046
97,051
97,050
97,047
97,051
97,045
97,043
97,049
97,050
97,043
97,041
97,050
97,044
97,042
97,046
97,046
97,052
97,041
97,043
97,048
97,052
97,044
97,048
97,044
97,041
97,056
97,036
97,047
97,051
97,038
97,042
97,049
97,045
97,042
97,047
97,048
97,050
97,056
97,038
97,043
97,047
97,046
97,050
97,046
97,040
97,043
97,049
97,053
97,048
97,043
97,043
97,049
97,038
97,042
97,050
97,051
97,041
97,051
97,045
97,047
97,047
97,039
97,041
97,047
97,043
97,044
97,044
97,040
97,039
97,051
97,050
97,044
97,041
97,046
97,052
97,043
97,046
97,051
97,046
97,043
97,042
97,049
97,046
97,054
97,041
97,042
97,046
97,049
97,044
97,041
97,051
97,056
97,045
97,041
97,038
97,049
97,038
97,047
97,051
97,044
97,040
97,049
97,038
97,042
97,042
97,050
97,046
97,052
97,053
97,039
97,048
97,044
97,041
97,045
97,040
97,048
97,060
97,040
97,046
97,043
97,048
97,041
97,048
97,047
97,047
97,043
97,041
97,051
97,043
97,039
97,045
97,048
97,045
97,048
97,044
97,042
97,051
97,051
97,039
97,051
97,046
97,045
97,039
97,044
97,040
97,044
97,054
97,048
97,051
97,044
97,047
97,042
97,045
97,041
97,041
97,043
97,052
97,039
97,044
97,052
97,050
97,045
97,047
97,047
97,039
97,041
97,052
97,045
97,042
97,050
97,042
97,044
97,050
97,044
97,042
97,044
97,047
97,042
97,050
97,048
97,044
97,044
97,047
97,042
97,051
97,046
97,041
97,043
97,056
97,043
97,043
97,045
97,046
97,054
97,042
97,050
97,045
97,048
97,044
97,042
97,046
97,042
97,050
97,045
97,040
97,048
97,048
97,043
97,048
97,046
97,042
97,039
97,044
97,051
97,045
97,039
97,044
97,045
97,045
97,050
97,042
97,048
97,050
97,048
97,043
97,046
97,044
97,040
97,033
97,044
97,044
97,046
97,044
97,045
97,036
97,039
97,049
97,049
97,048
97,039
97,043
97,030
97,042
97,043
97,049
97,047
97,045
97,039
97,048
97,047
97,054
97,041
97,051
97,044
97,042
97,041
97,047
97,034
97,046
97,051
97,045
97,042
97,045
97,045
97,043
97,044
97,037
97,046
97,042
97,048
97,040
97,043
97,047
97,042
97,052
97,039
97,049
97,046
97,040
97,042
97,043
97,040
97,041
97,042
97,049
97,053
97,042
97,039
97,045
97,044
97,043
97,044
97,041
97,040
97,045
97,044
97,040
97,053
97,038
97,040
97,046
97,047
97,044
97,040
97,038
97,038
97,044
97,051
97,044
97,039
97,045
97,042
97,048
97,043
97,056
97,043
97,039
97,044
97,037
97,044
97,035
97,050
97,046
97,046
97,048
97,042
97,041
97,044
97,039
97,056
97,039
97,042
97,040
97,040
97,045
97,046
97,042
97,047
97,042
97,043
97,041
97,049
97,044
97,044
97,036
97,044
97,044
97,051
97,046
97,043
97,043
97,047
97,040
97,046
97,032
97,049
97,039
97,040
97,049
97,051
97,041
97,043
97,036
97,044
97,038
97,045
97,047
97,040
97,045
97,042
97,048
97,045
97,046
97,036
97,041
97,042
97,041
97,033
97,041
97,045
97,048
97,042
97,034
97,051
97,038
97,046
97,034
97,038
97,041
97,049
97,042
97,040
97,042
97,053
97,042
97,044
97,042
97,049
97,042
97,045
97,039
97,049
97,042
97,043
97,032
97,044
97,045
97,047
97,037
97,038
97,045
97,043
97,050
97,040
97,044
97,053
97,046
97,048
97,038
97,039
97,033
97,043
97,052
97,042
97,043
97,045
97,044
97,040
97,039
97,037
97,046
97,047
97,048
97,045
97,054
97,038
97,042
97,037
97,047
97,040
97,045
97,044
97,050
97,038
97,042
97,038
97,046
97,051
97,042
97,037
97,041
97,033
97,048
97,042
97,054
97,040
97,034
97,045
97,053
97,048
97,044
97,040
97,038
97,042
97,041
97,042
97,047
97,043
97,049
97,041
97,046
97,040
97,041
97,040
97,032
97,041
97,040
97,040
97,044
97,043
97,047
97,052
97,046
97,034
97,040
97,037
97,042
97,046
97,043
97,041
97,037
97,045
97,041
97,046
97,051
97,043
97,037
97,042
97,045
97,046
97,043
97,040
97,044
97,040
97,044
97,047
97,046
97,049
97,041
97,041
97,043
97,042
97,035
97,040
97,044
97,039
97,042
97,043
97,044
97,039
97,042
97,037
97,040
97,039
97,041
97,048
97,045
97,041
97,037
97,033
97,039
97,045
97,030
97,043
97,046
97,050
97,028
97,040
97,039
97,040
97,035
97,047
97,049
97,034
97,047
97,044
97,041
97,047
97,039
97,036
97,040
97,052
97,040
97,042
97,060
97,040
97,048
97,041
97,048
97,035
97,043
97,035
97,042
97,041
97,043
97,054
97,040
97,039
97,037
97,043
97,047
97,048
97,042
97,049
97,051
97,034
97,043
97,042
97,049
97,035
97,035
97,038
97,035
97,039
97,043
97,043
97,042
97,047
97,041
97,045
97,043
97,041
97,039
97,043
97,039
97,041
97,046
97,046
97,051
97,046
97,041
97,047
97,050
97,036
97,044
97,038
97,049
97,044
97,039
97,037
97,035
97,041
97,047
97,039
97,033
97,049
97,040
97,039
97,057
97,037
97,046
97,047
97,038
97,044
97,045
97,033
97,050
97,038
97,043
97,041
97,041
97,037
97,043
97,040
97,044
97,040
97,042
97,046
97,044
97,043
97,043
97,048
97,040
97,051
97,038
97,039
97,047
97,041
97,039
97,048
97,041
97,045
97,040
97,055
97,048
97,040
97,049
97,036
97,033
97,036
97,039
97,044
97,044
97,053
97,039
97,042
97,044
97,037
97,041
97,043
97,038
97,040
97,039
97,042
97,044
97,040
97,040
97,045
97,045
97,046
97,041
97,041
97,043
97,050
97,045
97,041
97,039
97,048
97,037
97,049
97,037
97,044
97,041
97,044
97,036
97,047
97,048
97,039
97,037
97,043
97,044
97,041
97,041
97,041
97,040
97,040
97,047
97,041
97,055
97,041
97,029
97,039
97,040
97,044
97,045
97,048
97,045
97,044
97,043
97,045
97,041
97,036
97,037
97,046
97,041
97,039
97,043
97,042
97,035
97,039
97,039
97,044
97,043
97,052
97,047
97,045
97,045
97,039
97,048
97,041
97,045
97,049
97,040
97,042
97,035
97,040
97,035
97,051
97,036
97,047
97,038
97,045
97,033
97,045
97,042
97,040
97,043
97,043
97,046
97,041
97,043
97,044
97,043
97,038
97,034
97,041
97,050
97,040
97,043
97,029
97,054
97,041
97,045
97,033
97,044
97,038
97,041
97,034
97,043
97,040
97,045
97,028
97,042
97,040
97,041
97,051
97,039
97,043
97,052
97,039
97,043
97,036
97,041
97,045
97,042
97,043
97,049
97,037
97,043
97,035
97,043
97,041
97,048
97,038
97,040
97,033
97,042
97,041
97,049
97,039
97,045
97,041
97,041
97,034
97,037
97,046
97,043
97,042
97,042
97,045
97,043
97,042
97,040
97,042
97,041
97,045
97,036
97,040
97,035
97,042
97,038
97,046
97,037
97,038
97,043
97,044
97,040
97,050
97,047
97,038
97,031
97,046
97,041
97,036
97,037
97,042
97,038
97,029
97,045
97,045
97,040
97,043
97,048
97,046
97,042
97,041
97,043
97,034
97,042
97,035
97,043
97,037
97,033
97,042
97,043
97,037
97,038
97,036
97,043
97,048
97,036
97,044
97,046
97,038
97,046
97,036
97,032
97,047
97,043
97,038
97,036
97,039
97,046
97,041
97,047
97,033
97,040
97,047
97,042
97,040
97,035
97,042
97,035
97,040
97,042
97,034
97,041
97,035
97,048
97,042
97,048
97,035
97,046
97,036
97,035
97,038
97,043
97,046
97,039
97,037
97,041
97,039
97,040
97,034
97,032
97,042
97,042
97,033
97,037
97,039
97,039
97,039
97,032
97,046
97,045
97,036
97,041
97,042
97,032
97,036
97,039
97,041
97,034
97,035
97,044
97,041
97,039
97,051
97,041
97,043
97,042
97,033
97,042
97,046
97,052
97,050
97,045
97,061
97,073
97,089
97,092
97,108
97,123
97,137
97,155
97,155
97,178
97,181
97,190
97,198
97,202
97,202
97,204
97,207
97,202
97,202
97,200
97,190
97,198
97,198
97,193
97,187
97,176
97,176
97,172
97,182
97,167
97,173
97,167
97,178
97,173
97,167
97,165
97,172
97,165
97,176
97,188
97,192
97,209
97,223
97,238
97,259
97,289
97,309
97,323
97,329
97,334
97,354
97,359
97,364
97,375
97,376
97,377
97,375
97,374
97,361
97,354
97,348
97,349
97,339
97,333
97,333
97,327
97,326
97,315
97,315
97,313
97,316
97,316
97,304
97,310
97,311
97,314
97,307
97,312
97,319
97,323
97,340
97,353
97,374
97,400
97,411
97,430
97,459
97,469
97,491
97,508
97,515
97,531
97,539
97,536
97,536
97,533
97,534
97,522
97,515
97,515
97,495
97,494
97,480
97,472
97,465
97,455
97,446
97,446
97,438
97,440
97,431
97,435
97,433
97,431
97,432
97,430
97,428
97,432
97,432
97,456
97,468
97,483
97,500
97,524
97,544
97,564
97,606
97,625
97,666
97,677
97,692
97,695
97,703
97,695
97,695
97,680
97,672
97,669
97,647
97,640
97,623
97,609
97,602
97,598
97,581
97,587
97,577
97,567
97,568
97,560
97,555
97,553
97,543
97,550
97,549
97,543
97,548
97,549
97,560
97,579
97,731
97,762
97,784
97,802
97,827
97,837
97,833
97,831
97,836
97,822
97,818
97,806
97,795
97,769
97,749
97,742
97,728
97,719
97,713
97,698
97,694
97,676
97,676
97,666
97,671
97,664
97,659
97,664
97,659
97,659
97,653
97,655
97,657
97,656
97,671
97,697
97,717
97,740
97,771
97,806
97,870
97,903
97,927
97,952
97,955
97,964
97,965
97,957
97,947
97,936
97,933
97,912
97,900
97,878
97,863
97,852
97,842
97,828
97,813
97,802
97,798
97,789
97,777
97,767
97,772
97,757
97,759
97,764
97,755
97,751
97,754
97,753
97,753
97,764
97,787
97,811
97,836
97,876
97,908
97,953
97,983
98,025
98,048
98,067
98,082
98,087
98,091
98,091
98,083
98,067
98,048
98,034
98,018
97,998
97,979
97,969
97,927
97,911
97,908
97,893
97,883
97,874
97,867
97,862
97,857
97,850
97,851
97,854
97,847
97,831
97,841
97,835
97,844
97,851
97,867
97,893
97,917
97,953
98,000
98,037
98,087
98,119
98,150
98,175
98,203
98,214
98,207
98,203
98,186
98,169
98,160
98,131
98,110
98,082
98,063
98,045
98,031
98,015
98,003
97,983
97,976
97,966
97,953
97,940
97,943
97,940
97,943
97,929
97,926
97,931
97,927
97,925
97,930
97,935
97,959
97,990
98,025
98,073
98,120
98,168
98,207
98,248
98,278
98,292
98,307
98,317
98,310
98,314
98,304
98,286
98,271
98,239
98,217
98,197
98,170
98,145
98,122
98,106
98,084
98,050
98,047
98,034
98,027
98,019
98,019
98,013
98,002
98,009
97,996
97,997
97,999
98,003
97,995
98,004
98,026
98,324
98,370
98,390
98,414
98,433
98,424
98,417
98,405
98,385
98,364
98,337
98,306
98,281
98,259
98,234
98,212
98,191
98,170
98,156
98,140
98,123
98,111
98,106
98,092
98,091
98,071
98,079
98,074
98,075
98,062
98,054
98,060
98,066
98,081
98,098
98,141
98,183
98,228
98,284
98,340
98,383
98,425
98,481
98,506
98,515
98,518
98,517
98,499
98,502
98,475
98,436
98,414
98,385
98,358
98,323
98,298
98,276
98,232
98,215
98,184
98,180
98,174
98,148
98,153
98,143
98,134
98,131
98,129
98,126
98,132
98,125
98,121
98,128
98,127
98,151
98,187
98,217
98,272
98,326
98,387
98,441
98,490
98,536
98,568
98,596
98,606
98,595
98,576
98,555
98,539
98,499
98,474
98,437
98,406
98,380
98,357
98,326
98,304
98,287
98,266
98,240
98,235
98,227
98,221
98,206
98,205
98,188
98,186
98,184
98,180
98,178
98,178
98,173
98,194
98,216
98,255
98,302
98,362
98,417
98,485
98,540
98,594
98,624
98,659
98,683
98,688
98,676
98,668
98,657
98,626
98,590
98,554
98,520
98,489
98,462
98,435
98,404
98,378
98,341
98,327
98,296
98,282
98,273
98,259
98,256
98,243
98,243
98,233
98,234
98,235
98,218
98,225
98,223
98,230
98,256
98,287
98,332
98,387
98,457
98,511
98,580
98,636
98,689
98,720
98,750
98,755
98,757
98,751
98,711
98,681
98,652
98,608
98,574
98,534
98,499
98,468
98,440
98,408
98,388
98,371
98,354
98,338
98,326
98,305
98,291
98,291
98,285
98,285
98,283
98,270
98,267
98,267
98,260
98,260
98,275
98,669
98,720
98,762
98,801
98,815
98,826
98,817
98,806
98,776
98,757
98,711
98,680
98,642
98,604
98,562
98,530
98,497
98,452
98,417
98,404
98,386
98,374
98,360
98,355
98,338
98,325
98,327
98,321
98,323
98,312
98,317
98,303
98,295
98,307
98,332
98,368
98,419
98,474
98,552
98,616
98,686
98,763
98,803
98,848
98,877
98,885
98,878
98,859
98,835
98,791
98,762
98,717
98,673
98,636
98,603
98,559
98,513
98,502
98,470
98,454
98,435
98,411
98,399
98,393
98,377
98,369
98,359
98,361
98,353
98,348
98,349
98,338
98,346
98,349
98,374
98,421
98,472
98,549
98,606
98,689
98,747
98,814
98,866
98,911
98,944
98,951
98,947
98,926
98,905
98,878
98,833
98,789
98,746
98,708
98,667
98,624
98,596
98,556
98,522
98,493
98,473
98,443
98,420
98,418
98,404
98,393
98,393
98,383
98,382
98,369
98,367
98,363
98,372
98,364
98,390
98,427
98,486
98,531
98,602
98,682
98,759
98,828
98,885
98,939
98,973
98,989
98,995
98,986
98,937
98,908
98,861
98,815
98,764
98,724
98,684
98,645
98,606
98,581
98,549
98,526
98,479
98,482
98,459
98,452
98,429
98,432
98,422
98,416
98,412
98,406
98,402
98,392
98,384
98,397
98,409
98,426
98,536
98,599
98,669
98,754
98,833
98,902
98,952
98,987
99,029
99,048
99,034
99,019
98,999
98,962
98,922
98,872
98,828
98,781
98,745
98,702
98,658
98,624
98,587
98,556
98,540
98,514
98,505
98,472
98,463
98,447
98,439
98,443
98,426
98,427
98,425
98,421
98,411
98,414
98,434
98,824
98,890
98,960
99,010
99,044
99,065
99,068
99,047
99,019
98,988
98,924
98,881
98,843
98,792
98,750
98,709
98,674
98,627
98,612
98,579
98,554
98,532
98,529
98,499
98,496
98,479
98,468
98,461
98,448
98,452
98,459
98,448
98,441
98,458
98,478
98,520
98,572
98,639
98,719
98,798
98,881
98,954
99,016
99,061
99,090
99,106
99,105
99,085
99,062
99,033
98,992
98,947
98,905
98,844
98,806
98,753
98,715
98,685
98,641
98,611
98,584
98,548
98,530
98,517
98,496
98,493
98,485
98,472
98,476
98,472
98,459
98,461
98,460
98,463
98,477
98,512
98,562
98,631
98,700
98,784
98,860
98,944
99,012
99,072
99,095
99,130
99,131
99,119
99,085
99,035
99,004
98,945
98,896
98,857
98,814
98,761
98,724
98,682
98,647
98,621
98,597
98,566
98,558
98,553
98,536
98,520
98,519
98,504
98,508
98,492
98,489
98,488
98,478
98,481
98,491
98,510
98,614
98,682
98,776
98,855
98,939
99,009
99,061
99,114
99,153
99,154
99,153
99,136
99,118
99,079
99,048
98,990
98,929
98,898
98,848
98,806
98,764
98,717
98,693
98,660
98,629
98,596
98,586
98,573
98,543
98,542
98,526
98,520
98,511
98,515
98,498
98,507
98,499
98,497
98,509
98,546
98,597
98,649
98,725
98,816
98,901
98,975
99,047
99,121
99,153
99,175
99,187
99,174
99,156
99,145
99,093
99,050
98,953
98,906
98,861
98,812
98,766
98,731
98,696
98,673
98,640
98,618
98,592
98,583
98,569
98,562
98,535
98,540
98,525
98,522
98,522
98,523
98,516
98,505
98,514
98,946
99,029
99,101
99,156
99,194
99,211
99,215
99,187
99,171
99,137
99,104
99,049
98,994
98,963
98,904
98,869
98,823
98,770
98,734
98,703
98,673
98,647
98,609
98,593
98,583
98,564
98,557
98,547
98,543
98,536
98,528
98,528
98,515
98,515
98,537
98,565
98,618
98,681
98,758
98,849
98,935
99,021
99,093
99,148
99,192
99,222
99,226
99,219
99,200
99,176
99,094
99,038
98,995
98,949
98,908
98,850
98,812
98,760
98,733
98,696
98,664
98,650
98,627
98,605
98,590
98,575
98,571
98,563
98,559
98,549
98,550
98,544
98,540
98,538
98,537
98,569
98,609
98,718
98,808
98,893
98,987
99,059
99,135
99,188
99,225
99,237
99,237
99,220
99,202
99,172
99,127
99,073
99,029
98,987
98,940
98,894
98,844
98,808
98,767
98,731
98,713
98,673
98,659
98,640
98,606
98,595
98,581
98,577
98,573
98,575
98,564
98,568
98,549
98,548
98,557
98,580
98,634
98,688
98,762
98,853
98,953
99,027
99,098
99,169
99,219
99,253
99,264
99,253
99,239
99,220
99,186
99,137
99,084
98,989
98,938
98,882
98,845
98,804
98,771
98,736
98,697
98,670
98,650
98,639
98,621
98,606
98,595
98,595
98,583
98,582
98,563
98,568
98,561
98,554
98,546
98,573
98,609
98,670
98,728
98,817
98,990
99,082
99,140
99,215
99,244
99,270
99,280
99,269
99,241
99,216
99,179
99,141
99,078
99,031
98,980
98,937
98,897
98,834
98,805
98,766
98,740
98,711
98,678
98,660
98,649
98,628
98,619
98,609
98,596
98,589
98,580
98,570
98,577
98,563
98,571
98,950
99,038
99,120
99,183
99,238
99,270
99,291
99,282
99,271
99,255
97,615
99,124
99,077
99,024
98,977
98,925
98,870
98,829
98,799
98,764
98,724
98,702
98,681
98,665
98,655
98,627
98,624
98,613
98,600
98,592
98,592
98,584
98,585
98,574
98,574
98,596
98,630
98,670
98,826
98,908
99,003
99,087
99,167
99,230
99,273
99,297
99,301
99,293
99,277
99,247
99,204
99,157
99,111
99,062
99,011
98,962
98,912
98,873
98,830
98,790
98,755
98,723
98,695
98,677
98,662
98,640
98,619
98,612
98,608
98,602
98,598
98,592
98,593
98,586
98,595
98,615
98,660
98,718
98,794
98,871
98,960
99,054
99,141
99,209
99,259
99,290
99,304
99,310
99,299
99,267
99,230
99,195
99,137
99,096
98,998
98,950
98,906
98,857
98,823
98,790
98,749
98,729
98,696
98,692
98,669
98,653
98,643
98,637
98,617
98,615
98,605
98,600
98,592
98,594
98,591
98,608
98,639
98,678
98,752
98,825
98,911
99,090
99,166
99,230
99,288
99,308
99,322
99,316
99,301
99,274
99,232
99,193
99,133
99,094
99,046
98,993
98,943
98,896
98,847
98,813
98,778
98,760
98,725
98,696
98,691
98,661
98,647
98,641
98,637
98,619
98,610
98,611
98,607
98,601
98,597
98,612
98,657
98,720
98,789
98,877
98,953
99,054
99,138
99,216
99,270
99,306
99,332
99,327
99,320
99,301
99,272
99,229
99,177
99,131
99,081
99,026
98,982
98,889
98,838
98,802
98,769
98,748
98,717
98,694
98,679
98,663
98,648
98,641
98,635
98,624
98,619
98,615
98,606
98,607
98,606
99,004
99,094
99,169
99,235
99,297
99,320
99,329
99,325
99,309
99,282
99,250
99,209
99,156
99,109
99,066
99,012
98,963
98,913
98,875
98,835
98,803
98,764
98,739
98,720
98,704
98,690
98,663
98,650
98,652
98,634
98,634
98,619
98,616
98,615
98,619
98,629
98,663
98,719
98,794
98,877
98,971
99,050
99,157
99,214
99,271
99,325
99,338
99,335
99,324
99,304
99,278
99,239
99,192
99,134
99,058
98,997
98,952
98,896
98,860
98,828
98,793
98,762
98,735
98,703
98,694
98,679
98,664
98,665
98,642
98,636
98,639
98,625
98,624
98,626
98,623
98,624
98,652
98,690
98,751
98,824
98,908
99,002
99,181
99,248
99,294
99,338
99,349
99,352
99,332
99,311
99,286
99,238
99,186
99,146
99,088
99,040
98,983
98,943
98,900
98,851
98,824
98,780
98,754
98,727
98,708
98,691
98,671
98,666
98,655
98,648
98,632
98,633
98,634
98,627
98,635
98,639
98,667
98,726
98,788
98,872
98,955
99,055
99,147
99,218
99,280
99,331
99,350
99,357
99,351
99,333
99,299
99,271
99,222
99,170
99,112
99,072
99,021
98,930
98,878
98,843
98,803
98,771
98,742
98,726
98,703
98,682
98,671
98,673
98,655
98,656
98,638
98,639
98,636
98,633
98,621
98,634
98,647
98,695
98,761
98,841
98,920
99,012
99,106
99,190
99,266
99,348
99,359
99,364
99,352
99,330
99,290
99,253
99,202
99,152
99,106
99,059
99,004
98,952
98,905
98,859
98,838
98,793
98,769
98,752
98,717
98,700
98,689
98,679
98,672
98,662
98,650
98,652
98,656
98,629
98,636
98,947
99,050
99,149
99,227
99,280
99,337
99,357
99,370
99,361
99,339
99,317
99,289
99,243
99,189
99,137
99,037
98,986
98,934
98,899
98,858
98,822
98,792
98,771
98,742
98,721
98,708
98,693
98,678
98,669
98,664
98,663
98,657
98,653
98,642
98,643
98,641
98,652
98,698
98,748
98,829
98,914
99,004
99,100
99,252
99,318
99,360
99,375
99,376
99,351
99,334
99,314
99,276
99,212
99,173
99,133
99,066
99,017
98,975
98,917
98,881
98,850
98,822
98,788
98,758
98,730
98,715
98,708
98,689
98,676
98,675
98,666
98,654
98,647
98,635
98,638
98,642
98,668
98,728
98,781
98,853
98,943
99,039
99,134
99,231
99,295
99,342
99,374
99,388
99,378
99,362
99,339
99,298
99,257
99,207
99,162
99,101
99,061
99,003
98,918
98,884
98,840
98,803
98,774
98,743
98,730
98,712
98,702
98,691
98,680
98,674
98,659
98,662
98,655
98,655
98,643
98,638
98,655
98,696
98,746
98,822
98,905
98,989
99,092
99,179
99,253
99,323
99,392
99,394
99,384
99,359
99,331
99,293
99,247
99,188
99,146
99,094
99,041
98,998
98,946
98,901
98,866
98,831
98,794
98,765
98,745
98,730
98,726
98,696
98,693
98,684
98,676
98,664
98,661
98,662
98,658
98,659
98,674
98,724
98,787
98,864
98,946
99,040
99,129
99,217
99,298
99,344
99,370
99,383
99,383
99,377
99,343
99,309
99,271
99,225
99,173
99,130
99,069
99,024
98,984
98,920
98,893
98,812
98,794
98,757
98,749
98,729
98,711
98,696
98,699
98,688
98,675
98,673
98,664
98,656
98,664
98,891
98,996
99,094
99,259
99,315
99,368
99,390
99,398
99,387
99,370
99,344
99,304
99,260
99,204
99,149
99,109
99,058
98,998
98,958
98,911
98,880
98,838
98,810
98,776
98,750
98,734
98,720
98,710
98,698
98,687
98,690
98,667
98,661
98,661
98,655
98,662
98,674
98,720
98,775
98,850
98,940
99,018
99,118
99,210
99,285
99,342
99,386
99,395
99,397
99,398
99,374
99,340
99,296
99,252
99,196
99,142
99,088
99,037
98,994
98,891
98,865
98,839
98,798
98,781
98,764
98,733
98,721
98,709
98,693
98,689
98,676
98,680
98,673
98,675
98,660
98,657
98,679
98,706
98,753
98,815
98,894
98,991
99,072
99,183
99,250
99,314
99,392
99,405
99,399
99,371
99,358
99,321
99,279
99,219
99,169
99,118
99,064
99,028
98,976
98,924
98,897
98,861
98,828
98,799
98,767
98,757
98,738
98,719
98,713
98,694
98,686
98,687
98,671
98,670
98,662
98,665
98,677
98,715
98,772
98,846
98,926
99,023
99,118
99,215
99,284
99,349
99,378
99,408
99,408
99,400
99,379
99,342
99,311
99,248
99,203
99,156
99,111
99,061
99,007
98,957
98,919
98,875
98,807
98,783
98,755
98,746
98,730
98,714
98,699
98,691
98,687
98,682
98,681
98,674
98,667
98,665
98,671
98,706
98,747
98,804
98,882
98,977
99,074
99,161
99,251
99,316
99,360
99,401
99,412
99,398
99,360
99,324
99,290
99,233
99,176
99,126
99,083
99,033
98,991
98,939
98,894
98,866
98,831
98,810
98,772
98,755
98,743
98,727
98,709
98,709
98,694
98,687
98,686
98,677
98,684
98,920
99,006
99,103
99,194
99,268
99,330
99,389
99,410
99,413
99,399
99,383
99,350
99,315
99,275
99,220
99,169
99,121
99,082
99,024
98,978
98,875
98,858
98,819
98,791
98,764
98,752
98,734
98,719
98,703
98,693
98,693
98,691
98,683
98,676
98,675
98,663
98,679
98,697
98,743
98,799
98,879
98,963
99,060
99,155
99,247
99,314
99,359
99,404
99,415
99,402
99,376
99,342
99,300
99,257
99,216
99,158
99,105
99,055
99,000
98,955
98,913
98,873
98,835
98,812
98,781
98,764
98,744
98,729
98,721
98,707
98,702
98,693
98,680
98,678
98,677
98,670
98,681
98,716
98,765
98,832
98,916
99,008
99,094
99,184
99,270
99,330
99,381
99,421
99,414
99,412
99,395
99,362
99,325
99,280
99,226
99,186
99,130
99,070
99,035
98,989
98,941
98,907
98,863
98,834
98,780
98,754
98,738
98,731
98,720
98,704
98,701
98,693
98,694
98,686
98,677
98,680
98,678
98,693
98,738
98,787
98,869
98,956
99,038
99,142
99,227
99,298
99,355
99,392
99,413
99,422
99,404
99,351
99,310
99,264
99,222
99,157
99,119
99,065
99,020
98,965
98,930
98,888
98,850
98,832
98,798
98,759
98,752
98,747
98,734
98,715
98,718
98,707
98,701
98,693
98,682
98,678
98,678
98,679
98,715
98,822
98,905
98,993
99,083
99,187
99,264
99,330
99,383
99,410
99,425
99,420
99,407
99,371
99,344
99,290
99,246
99,200
99,149
99,094
99,052
98,994
98,956
98,913
98,867
98,843
98,816
98,781
98,767
98,733
98,724
98,717
98,702
98,697
98,697
98,686
98,686
98,863
98,945
99,031
99,135
99,225
99,295
99,350
99,400
99,423
99,410
99,396
99,365
99,327
99,273
99,234
99,185
99,128
99,071
99,024
98,985
98,935
98,898
98,868
98,828
98,803
98,781
98,757
98,745
98,726
98,716
98,710
98,708
98,707
98,694
98,688
98,694
98,678
98,698
98,755
98,810
98,892
98,986
99,073
99,161
99,265
99,321
99,381
99,408
99,421
99,417
99,413
99,391
99,351
99,310
99,265
99,211
99,167
99,115
99,062
99,013
98,954
98,915
98,880
98,857
98,803
98,769
98,758
98,742
98,721
98,718
98,712
98,704
98,690
98,693
98,694
98,681
98,680
98,688
98,734
98,790
98,849
98,940
99,029
99,122
99,213
99,297
99,355
99,396
99,423
99,434
99,423
99,403
99,367
99,287
99,238
99,186
99,139
99,085
99,043
98,992
98,943
98,912
98,878
98,843
98,816
98,782
98,776
98,754
98,738
98,729
98,726
98,707
98,706
98,704
98,691
98,692
98,684
98,688
98,708
98,739
98,885
98,974
99,073
99,169
99,256
99,318
99,380
99,411
99,429
99,425
99,417
99,401
99,358
99,320
99,268
99,215
99,181
99,126
99,073
99,020
98,975
98,919
98,905
98,862
98,829
98,795
98,778
98,759
98,733
98,725
98,721
98,706
98,699
98,694
98,703
98,695
98,674
98,690
98,736
98,767
98,847
98,924
99,017
99,108
99,212
99,284
99,355
99,401
99,430
99,432
99,426
99,403
99,367
99,345
99,304
99,259
99,151
99,100
99,055
99,004
98,950
98,917
98,888
98,852
98,817
98,798
98,770
98,758
98,746
98,737
98,725
98,712
98,716
98,701
98,699
98,879
98,966
99,055
99,158
99,248
99,323
99,368
99,409
99,433
99,426
99,422
99,403
99,374
99,333
99,290
99,226
99,180
99,133
99,078
99,031
98,977
98,936
98,904
98,863
98,841
98,808
98,770
98,751
98,744
98,729
98,723
98,714
98,698
98,702
98,712
98,693
98,694
98,691
98,727
98,773
98,837
98,920
99,008
99,109
99,202
99,276
99,351
99,393
99,419
99,443
99,439
99,416
99,391
99,322
99,256
99,208
99,166
99,115
99,062
99,019
98,967
98,927
98,894
98,855
98,824
98,792
98,762
98,764
98,751
98,744
98,722
98,710
98,709
98,712
98,695
98,695
98,685
98,688
98,705
98,745
98,805
98,962
99,053
99,146
99,235
99,312
99,369
99,417
99,431
99,445
99,424
99,402
99,380
99,333
99,289
99,239
99,176
99,138
99,084
99,040
98,988
98,946
98,906
98,865
98,848
98,811
98,798
98,777
98,758
98,742
98,721
98,716
98,713
98,708
98,705
98,689
98,690
98,687
98,709
98,771
98,820
98,894
98,980
99,079
99,177
99,276
99,328
99,390
99,424
99,438
99,430
99,418
99,401
99,374
99,328
99,279
97,620
99,123
99,076
99,021
98,980
98,940
98,899
98,855
98,837
98,808
98,778
98,767
98,761
98,741
98,735
98,723
98,715
98,712
98,711
98,701
98,701
98,688
98,704
98,742
98,795
98,852
98,942
99,026
99,212
99,293
99,358
99,413
99,434
99,444
99,435
99,413
99,387
99,353
99,298
99,257
99,205
99,154
99,106
99,055
99,007
98,957
98,919
98,880
98,850
98,822
98,791
98,784
98,767
98,753
98,746
98,734
98,710
98,706
98,702
98,823
98,892
98,982
99,079
99,172
99,269
99,331
99,390
99,426
99,443
99,440
99,425
99,402
99,370
99,281
99,228
99,178
99,125
99,082
99,041
98,985
98,938
98,907
98,861
98,844
98,810
98,789
98,783
98,757
98,740
98,738
98,728
98,719
98,715
98,700
98,711
98,697
98,694
98,698
98,723
98,785
98,852
99,005
99,116
99,211
99,290
99,363
99,409
99,435
99,448
99,446
99,422
99,393
99,358
99,315
99,261
99,213
99,166
99,108
99,062
99,011
98,959
98,920
98,888
98,863
98,825
98,808
98,781
98,770
98,750
98,733
98,723
98,709
98,716
98,702
98,702
98,697
98,700
98,705
98,757
98,808
98,885
98,975
99,070
99,153
99,255
99,320
99,384
99,420
99,452
99,445
99,425
99,405
99,384
99,339
99,289
99,241
99,142
99,090
99,043
98,983
98,946
98,913
98,871
98,841
98,820
98,805
98,771
98,762
98,754
98,732
98,731
98,730
98,724
98,711
98,709
98,705
98,709
98,698
98,727
98,782
98,840
98,914
99,004
99,100
99,285
99,362
99,404
99,435
99,445
99,452
99,426
99,389
99,361
99,324
99,276
99,231
99,172
99,136
99,067
99,031
98,970
98,943
98,890
98,867
98,839
98,815
98,790
98,780
98,756
98,745
98,739
98,727
98,723
98,713
98,710
98,699
98,699
98,721
98,735
98,799
98,873
98,950
99,042
99,143
99,229
99,305
99,378
99,417
99,441
99,444
99,444
99,419
99,395
99,358
99,308
99,261
99,202
99,165
99,112
99,056
98,958
98,915
98,883
98,861
98,825
98,804
98,778
98,766
98,753
98,749
98,738
98,733
98,722
98,716
98,759
98,834
98,905
99,099
99,184
99,270
99,348
99,404
99,440
99,448
99,440
99,434
99,406
99,375
99,335
99,285
99,240
99,176
99,136
99,082
99,020
98,980
98,939
98,908
98,882
98,842
98,812
98,801
98,788
98,769
98,751
98,738
98,730
98,725
98,712
98,708
98,701
98,700
98,708
98,733
98,799
98,858
98,939
99,035
99,128
99,219
99,303
99,373
99,416
99,449
99,452
99,443
99,429
99,398
99,371
99,318
99,262
99,215
99,162
99,060
99,015
98,973
98,927
98,892
98,858
98,832
98,808
98,793
98,769
98,757
98,748
98,737
98,727
98,729
98,717
98,708
98,715
98,710
98,698
98,722
98,764
98,825
98,894
98,983
99,069
99,184
99,334
99,397
99,438
99,453
99,448
99,445
99,421
99,391
99,352
99,299
99,251
99,202
99,145
99,092
99,040
98,998
98,947
98,911
98,884
98,843
98,821
98,800
98,774
98,766
98,751
98,749
98,738
98,732
98,717
98,711
98,706
98,701
98,705
98,743
98,795
98,861
98,935
99,021
99,126
99,226
99,305
99,368
99,419
99,452
99,451
99,446
99,438
99,407
99,374
99,324
99,272
99,235
99,163
99,121
99,070
99,026
98,935
98,899
98,867
98,836
98,813
98,786
98,772
98,763
98,746
98,739
98,735
98,732
98,729
98,720
98,711
98,713
98,701
98,721
98,763
98,821
98,880
98,973
99,072
99,173
99,261
99,337
99,398
99,460
99,457
99,455
99,425
99,392
99,351
99,302
99,251
99,209
99,154
99,099
99,049
99,000
98,955
98,921
98,882
98,849
98,823
98,805
98,791
98,765
98,752
98,747
98,751
98,739
98,739
98,781
98,857
98,923
99,008
99,111
99,219
99,287
99,362
99,409
99,456
99,463
99,446
99,436
99,413
99,382
99,343
99,289
99,236
99,177
99,081
99,035
98,992
98,930
98,901
98,873
98,851
98,818
98,796
98,780
98,765
98,750
98,735
98,732
98,729
98,721
98,726
98,718
98,717
98,716
98,715
98,751
98,811
98,874
98,964
99,047
99,154
99,335
99,386
99,423
99,468
99,455
99,450
99,429
99,398
99,370
99,314
99,262
99,220
99,164
99,110
99,058
99,012
98,969
98,923
98,892
98,865
98,831
98,808
98,781
98,775
98,758
98,742
98,739
98,742
98,720
98,716
98,720
98,714
98,710
98,728
98,773
98,845
98,917
98,998
99,104
99,203
99,290
99,353
99,415
99,457
99,466
99,462
99,445
99,420
99,386
99,342
99,298
99,235
99,198
99,148
99,101
99,027
98,956
98,907
98,881
98,850
98,827
98,799
98,790
98,767
98,774
98,749
98,753
98,734
98,733
98,729
98,716
98,721
98,715
98,706
98,741
98,798
98,861
98,950
99,029
99,132
99,235
99,326
99,379
99,451
99,474
99,456
99,438
99,413
99,375
99,332
99,282
99,222
99,171
99,131
99,067
99,017
98,981
98,942
98,906
98,870
98,839
98,811
98,790
98,773
98,765
98,752
98,754
98,734
98,735
98,731
98,723
98,713
98,706
98,726
98,760
98,830
98,910
98,982
99,084
99,193
99,289
99,361
99,404
99,446
99,480
99,469
99,449
99,424
99,395
99,356
99,312
99,257
99,203
99,151
99,105
99,059
99,001
98,953
98,919
98,858
98,831
98,810
98,788
98,776
98,765
98,748
98,749
98,749
98,740
98,740
98,793
98,857
98,935
99,034
99,117
99,224
99,375
99,428
99,457
99,485
99,468
99,443
99,426
99,379
99,344
99,295
99,240
99,190
99,132
99,083
99,035
98,983
98,944
98,904
98,878
98,850
98,819
98,805
98,791
98,771
98,759
98,747
98,744
98,727
98,724
98,720
98,727
98,706
98,723
98,760
98,822
98,889
98,971
99,060
99,180
99,273
99,348
99,390
99,444
99,472
99,467
99,465
99,438
99,409
99,370
99,331
99,264
99,213
99,164
99,117
99,065
98,964
98,926
98,897
98,861
98,828
98,813
98,790
98,774
98,765
98,757
98,755
98,746
98,740
98,739
98,722
98,715
98,712
98,702
98,724
98,780
98,850
98,933
99,010
99,105
99,223
99,307
99,364
99,420
99,481
99,464
99,442
99,435
99,400
99,340
99,300
99,244
99,188
99,138
99,088
99,038
98,995
98,946
98,914
98,885
98,851
98,827
98,809
98,793
98,781
98,757
98,754
98,753
98,745
98,736
98,735
98,723
98,717
98,718
98,749
98,807
98,875
98,956
99,038
99,146
99,247
99,331
99,372
99,436
99,472
99,474
99,473
99,451
99,412
99,384
99,340
99,285
99,234
99,181
99,124
99,078
99,023
98,974
98,938
98,870
98,846
98,820
98,797
98,780
98,771
98,762
98,756
98,748
98,736
98,734
98,731
98,722
98,717
98,718
98,730
98,775
98,843
98,922
98,999
99,091
99,210
99,287
99,355
99,407
99,443
99,463
99,476
99,431
99,389
99,344
99,311
99,258
99,197
99,152
99,108
99,052
99,006
98,962
98,922
98,895
98,866
98,836
98,808
98,800
98,778
98,769
98,763
98,754
98,751
98,746
98,803
98,873
98,958
99,032
99,141
99,246
99,328
99,384
99,423
99,469
99,485
99,465
99,445
99,416
99,389
99,347
99,289
99,238
99,179
99,134
99,079
99,032
98,950
98,903
98,868
98,846
98,830
98,803
98,786
98,779
98,772
98,754
98,759
98,741
98,748
98,732
98,735
98,726
98,719
98,728
98,765
98,831
98,896
98,982
99,075
99,181
99,271
99,361
99,402
99,474
99,487
99,463
99,439
99,416
99,375
99,330
99,278
99,207
99,167
99,113
99,064
99,007
98,978
98,946
98,902
98,877
98,843
98,812
98,798
98,793
98,772
98,769
98,758
98,756
98,747
98,741
98,731
98,732
98,730
98,736
98,794
98,858
98,933
99,023
99,120
99,230
99,315
99,377
99,432
99,466
99,483
99,481
99,456
99,428
99,399
99,352
99,306
99,256
99,203
99,143
99,099
99,036
99,000
98,946
98,917
98,860
98,831
98,810
98,789
98,781
98,766
98,765
98,749
98,740
98,745
98,738
98,727
98,727
98,714
98,731
98,758
98,823
98,896
98,966
99,061
99,164
99,282
99,356
99,404
99,446
99,471
99,485
99,472
99,414
99,381
99,327
99,272
99,216
99,175
99,108
99,058
99,024
98,967
98,928
98,905
98,873
98,847
98,819
98,803
98,792
98,781
98,768
98,749
98,760
98,736
98,735
98,734
98,734
98,731
98,742
98,739
98,843
98,932
99,007
99,091
99,209
99,313
99,374
99,431
99,455
99,480
99,481
99,464
99,433
99,393
99,355
99,303
99,253
99,204
99,158
99,103
99,055
99,001
98,949
98,929
98,892
98,860
98,833
98,813
98,786
98,778
98,762
98,761
98,758
98,727
98,752
98,817
98,890
98,962
99,057
99,156
99,266
99,334
99,401
99,442
99,475
99,479
99,453
99,424
99,379
99,340
99,282
99,237
99,173
99,122
99,080
99,025
98,979
98,939
98,900
98,878
98,847
98,825
98,806
98,791
98,776
98,772
98,758
98,752
98,744
98,738
98,748
98,739
98,735
98,727
98,778
98,849
98,922
99,003
99,085
99,200
99,299
99,374
99,432
99,449
99,474
99,483
99,469
99,438
99,407
99,367
99,317
99,264
99,206
99,155
99,106
99,063
99,004
98,963
98,919
98,884
98,862
98,824
98,800
98,789
98,779
98,773
98,762
98,754
98,749
98,740
98,735
98,733
98,733
98,727
98,750
98,798
98,877
98,967
99,045
99,145
99,245
99,347
99,399
99,441
99,477
99,491
99,482
99,462
99,431
99,352
99,289
99,238
99,187
99,130
99,083
99,033
98,985
98,945
98,918
98,888
98,852
98,828
98,802
98,794
98,778
98,767
98,768
98,757
98,747
98,744
98,745
98,740
98,735
98,730
98,738
98,761
98,913
98,991
99,077
99,181
99,289
99,364
99,425
99,459
99,475
99,479
99,473
99,452
99,420
99,375
99,319
99,269
99,212
99,155
99,114
99,061
99,014
98,969
98,937
98,901
98,875
98,841
98,818
98,799
98,787
98,774
98,757
98,757
98,749
98,748
98,745
98,729
98,732
98,734
98,756
98,802
98,876
98,955
99,028
99,126
99,229
99,333
99,390
99,438
99,472
99,489
99,479
99,460
99,425
99,410
99,356
99,300
99,196
99,141
99,095
99,050
98,995
98,953
98,907
98,881
98,859
98,829
98,804
98,793
98,779
98,774
98,756
98,756
98,736
98,756
98,823
98,903
98,990
99,071
99,179
99,285
99,368
99,425
99,461
99,480
99,489
99,466
99,448
99,428
99,376
99,328
99,276
99,221
99,161
99,122
99,066
99,017
98,962
98,940
98,904
98,871
98,843
98,822
98,795
98,782
98,773
98,757
98,748
98,755
98,747
98,749
98,738
98,732
98,732
98,749
98,787
98,859
98,941
99,032
99,117
99,224
99,318
99,396
99,437
99,482
99,483
99,481
99,465
99,435
99,404
99,306
99,245
99,204
99,155
99,090
99,052
99,000
98,958
98,922
98,899
98,857
98,844
98,828
98,800
98,789
98,782
98,766
98,764
98,744
98,757
98,746
98,750
98,738
98,732
98,723
98,761
98,817
98,897
99,062
99,168
99,278
99,352
99,414
99,461
99,486
99,489
99,478
99,458
99,432
99,384
99,343
99,292
99,227
99,171
99,135
99,076
99,020
98,974
98,931
98,903
98,864
98,851
98,820
98,813
98,795
98,779
98,762
98,755
98,749
98,750
98,747
98,734
98,734
98,735
98,734
98,781
98,852
98,933
99,023
99,111
99,206
99,317
99,392
99,436
99,480
99,493
99,491
99,478
99,438
99,412
99,368
99,321
99,271
99,208
99,104
99,049
99,000
98,963
98,924
98,895
98,863
98,837
98,824
98,799
98,788
98,780
98,774
98,765
98,758
98,750
98,752
98,744
98,735
98,747
98,732
98,754
98,801
98,882
98,965
99,061
99,143
99,250
99,416
99,459
99,482
99,497
99,487
99,466
99,431
99,400
99,349
99,300
99,239
99,193
99,130
99,091
99,038
98,997
98,944
98,918
98,878
98,850
98,834
98,809
98,793
98,774
98,779
98,766
98,736
98,743
98,774
98,851
98,936
99,014
99,099
99,202
99,300
99,384
99,439
99,474
99,489
99,488
99,470
99,447
99,411
99,376
99,322
99,216
99,164
99,112
99,057
99,012
98,970
98,933
98,895
98,868
98,841
98,817
98,806
98,799
98,788
98,770
98,767
98,752
98,759
98,749
98,746
98,742
98,740
98,735
98,748
98,806
98,876
98,967
99,051
99,243
99,334
99,405
99,456
99,490
99,492
99,487
99,472
99,440
99,400
99,362
99,310
99,254
99,198
99,141
99,103
99,041
98,997
98,954
98,924
98,888
98,851
98,840
98,820
98,800
98,783
98,781
98,773
98,757
98,756
98,754
98,748
98,742
98,748
98,735
98,763
98,833
98,923
99,000
99,087
99,187
99,289
99,389
99,441
99,472
99,496
99,493
99,475
99,455
99,426
99,382
99,334
99,283
99,220
99,173
99,065
99,023
98,979
98,946
98,902
98,873
98,851
98,820
98,817
98,799
98,792
98,781
98,767
98,763
98,758
98,751
98,742
98,748
98,745
98,742
98,739
98,787
98,864
98,954
99,035
99,129
99,226
99,334
99,463
99,482
99,498
99,499
99,475
99,449
99,409
99,368
99,317
99,263
99,210
99,152
99,102
99,048
99,000
98,959
98,916
98,888
98,856
98,845
98,827
98,810
98,792
98,793
98,782
98,775
98,754
98,752
98,756
98,746
98,732
98,743
98,759
98,820
98,898
98,994
99,080
99,174
99,285
99,372
99,436
99,475
99,501
99,497
99,495
99,462
99,443
99,399
99,344
99,292
99,238
99,186
99,126
99,078
99,039
98,979
98,909
98,876
98,860
98,834
98,808
98,796
98,794
98,781
98,763
98,741
98,735
98,736
98,775
98,852
98,945
99,021
99,123
99,325
99,396
99,457
99,488
99,501
99,505
99,484
99,462
99,424
99,376
99,316
99,271
99,219
99,155
99,107
99,056
99,015
98,967
98,936
98,892
98,866
98,843
98,823
98,818
98,795
98,777
98,775
98,778
98,758
98,761
98,752
98,746
98,740
98,741
98,762
98,813
98,896
98,984
99,072
99,163
99,268
99,362
99,425
99,470
99,499
99,508
99,496
99,473
99,438
99,404
99,359
99,296
99,251
99,192
99,137
99,086
98,996
98,948
98,915
98,884
98,862
98,841
98,817
98,801
98,792
98,785
98,764
98,777
98,768
98,762
98,754
98,756
98,746
98,742
98,745
98,783
98,844
98,930
99,021
99,104
99,208
99,303
99,396
99,458
99,502
99,506
99,479
99,460
99,425
99,385
99,333
99,272
99,216
99,170
99,116
99,061
99,013
98,966
98,936
98,904
98,866
98,846
98,833
98,821
98,804
98,793
98,782
98,778
98,773
98,765
98,755
98,746
98,747
98,740
98,751
98,805
98,879
98,973
99,049
99,145
99,248
99,350
99,420
99,476
99,499
99,506
99,500
99,472
99,443
99,416
99,356
99,303
99,253
99,194
99,143
99,092
99,047
98,992
98,952
98,896
98,861
98,845
98,819
98,805
98,791
98,787
98,781
98,778
98,765
98,761
98,760
98,762
98,757
98,740
98,742
98,769
98,838
98,921
99,017
99,096
99,199
99,297
99,385
99,451
99,489
99,508
99,506
99,457
99,427
99,382
99,342
99,288
99,222
99,171
99,126
99,072
99,015
98,968
98,940
98,911
98,876
98,849
98,825
98,824
98,800
98,799
98,770
98,754
98,744
98,755
98,800
98,876
98,961
99,052
99,145
99,244
99,343
99,423
99,465
99,500
99,504
99,503
99,489
99,449
99,416
99,372
99,318
99,254
99,211
99,151
99,099
99,056
98,967
98,922
98,891
98,870
98,848
98,830
98,810
98,804
98,792
98,787
98,777
98,772
98,767
98,758
98,759
98,753
98,751
98,742
98,761
98,819
98,913
99,001
99,089
99,179
99,283
99,379
99,443
99,485
99,509
99,497
99,472
99,446
99,400
99,354
99,295
99,245
99,184
99,130
99,089
99,047
98,989
98,939
98,914
98,888
98,849
98,841
98,821
98,803
98,785
98,788
98,784
98,765
98,765
98,758
98,764
98,753
98,758
98,754
98,795
98,859
98,945
99,045
99,132
99,220
99,334
99,408
99,462
99,507
99,509
99,507
99,490
99,462
99,421
99,378
99,327
99,266
99,219
99,155
99,113
99,054
99,011
98,974
98,933
98,870
98,844
98,827
98,816
98,799
98,788
98,795
98,766
98,778
98,772
98,761
98,752
98,751
98,753
98,751
98,771
98,816
98,890
98,991
99,083
99,176
99,261
99,364
99,432
99,471
99,512
99,517
99,506
99,440
99,401
99,367
99,305
99,242
99,190
99,140
99,088
99,035
98,994
98,953
98,920
98,887
98,858
98,838
98,826
98,814
98,806
98,788
98,779
98,779
98,779
98,767
98,767
98,767
98,756
98,753
98,769
98,842
98,945
99,026
99,118
99,214
99,313
99,395
99,464
99,496
99,515
99,519
99,489
99,463
99,429
99,384
99,344
99,290
99,229
99,173
99,120
99,067
99,025
98,968
98,944
98,904
98,872
98,848
98,818
98,813
98,795
98,778
98,758
98,756
98,755
98,760
98,803
98,878
98,983
99,075
99,159
99,256
99,350
99,438
99,476
99,524
99,510
99,478
99,444
99,419
99,371
99,318
99,253
99,198
99,149
99,096
99,038
98,992
98,967
98,923
98,893
98,858
98,846
98,831
98,810
98,795
98,790
98,779
98,776
98,768
98,769
98,768
98,756
98,745
98,751
98,778
98,841
98,919
99,021
99,108
99,198
99,305
99,396
99,470
99,486
99,524
99,518
99,500
99,465
99,438
99,394
99,347
99,291
99,236
99,179
99,137
99,075
99,030
98,984
98,940
98,917
98,863
98,833
98,815
98,812
98,794
98,786
98,789
98,777
98,772
98,765
98,768
98,760
98,750
98,750
98,754
98,788
98,875
98,968
99,062
99,139
99,248
99,346
99,423
99,476
99,506
99,521
99,517
99,454
99,420
99,374
99,324
99,267
99,210
99,148
99,099
99,055
99,009
98,959
98,922
98,904
98,870
98,851
98,833
98,816
98,807
98,799
98,793
98,775
98,773
98,770
98,757
98,771
98,756
98,755
98,750
98,823
98,908
99,014
99,089
99,183
99,287
99,382
99,448
99,494
99,533
99,527
99,519
99,482
99,447
99,406
99,365
99,301
99,241
99,187
99,130
99,078
99,036
98,980
98,946
98,919
98,883
98,863
98,842
98,813
98,795
98,789
98,786
98,776
98,772
98,771
98,766
98,754
98,750
98,749
98,757
98,787
98,858
98,957
99,042
99,132
99,241
99,326
99,410
99,473
99,509
99,534
99,532
99,500
99,466
99,433
99,339
99,272
99,211
99,169
99,107
99,064
99,007
98,979
98,946
98,901
98,879
98,850
98,834
98,827
98,805
98,802
98,756
98,757
98,748
98,767
98,810
98,896
98,991
99,081
99,183
99,278
99,368
99,447
99,501
99,524
99,528
99,508
99,485
99,449
99,412
99,362
99,310
99,247
99,199
99,145
99,091
99,036
98,999
98,953
98,921
98,866
98,845
98,826
98,809
98,809
98,800
98,786
98,780
98,780
98,775
98,772
98,764
98,768
98,757
98,758
98,782
98,837
98,933
99,029
99,121
99,221
99,312
99,404
99,463
99,504
99,527
99,526
99,506
99,430
99,393
99,347
99,285
99,236
99,174
99,112
99,073
99,019
98,984
98,944
98,908
98,873
98,847
98,832
98,826
98,808
98,800
98,795
98,783
98,784
98,778
98,776
98,777
98,774
98,759
98,753
98,758
98,868
98,981
99,071
99,163
99,262
99,362
99,435
99,491
99,525
99,536
99,524
99,493
99,455
99,414
99,379
99,316
99,265
99,206
99,153
99,100
99,050
99,010
98,960
98,930
98,896
98,868
98,847
98,824
98,795
98,803
98,787
98,792
98,779
98,778
98,769
98,771
98,766
98,756
98,752
98,776
98,842
98,934
99,026
99,123
99,218
99,310
99,403
99,464
99,511
99,530
99,530
99,515
99,479
99,439
99,395
99,288
99,241
99,178
99,132
99,078
99,024
98,983
98,948
98,918
98,888
98,868
98,843
98,816
98,818
98,799
98,807
98,794
98,787
98,766
98,780
98,772
98,768
98,758
98,762
98,767
98,790
98,858
98,974
99,167
99,256
99,347
99,430
99,484
99,524
99,542
99,526
99,497
99,464
99,432
99,377
99,330
99,274
99,211
99,161
99,112
99,047
99,004
98,971
98,931
98,891
98,874
98,849
98,834
98,825
98,806
98,769
98,769
98,760
98,755
98,776
98,820
98,916
99,008
99,108
99,208
99,297
99,392
99,453
99,499
99,529
99,536
99,515
99,480
99,412
99,353
99,300
99,247
99,172
99,131
99,080
99,034
98,983
98,957
98,914
98,888
98,862
98,848
98,838
98,825
98,809
98,798
98,797
98,791
98,786
98,778
98,775
98,776
98,767
98,754
98,762
98,788
98,954
99,053
99,149
99,239
99,331
99,416
99,475
99,521
99,538
99,529
99,508
99,480
99,438
99,385
99,339
99,278
99,229
99,169
99,118
99,059
99,014
98,975
98,934
98,910
98,877
98,857
98,841
98,816
98,805
98,802
98,792
98,782
98,779
98,789
98,776
98,770
98,760
98,759
98,762
98,819
98,881
99,002
99,093
99,191
99,287
99,384
99,455
99,505
99,536
99,539
99,520
99,490
99,454
99,408
99,368
99,245
99,190
99,138
99,083
99,035
98,988
98,955
98,930
98,889
98,873
98,857
98,837
98,822
98,810
98,797
98,794
98,792
98,785
98,777
98,774
98,775
98,765
98,758
98,754
98,778
98,843
98,936
99,040
99,227
99,333
99,404
99,469
99,516
99,537
99,540
99,524
99,478
99,443
99,399
99,343
99,293
99,235
99,179
99,126
99,067
99,027
98,977
98,938
98,914
98,875
98,859
98,847
98,831
98,814
98,801
98,803
98,790
98,782
98,776
98,771
98,779
98,762
98,764
98,769
98,804
98,881
98,983
99,094
99,183
99,265
99,365
99,440
99,491
99,536
99,547
99,533
99,511
99,461
99,424
99,370
99,327
99,263
99,213
99,107
99,053
99,010
98,962
98,926
98,903
98,874
98,861
98,838
98,815
98,821
98,789
98,775
98,768
98,763
98,764
98,784
98,923
99,026
99,120
99,204
99,300
99,399
99,466
99,514
99,541
99,548
99,512
99,491
99,451
99,406
99,360
99,299
99,242
99,184
99,131
99,074
99,035
98,991
98,954
98,923
98,888
98,866
98,845
98,826
98,805
98,792
98,800
98,793
98,782
98,786
98,772
98,777
98,770
98,775
98,768
98,798
98,867
98,965
99,066
99,168
99,252
99,347
99,431
99,494
99,527
99,542
99,532
99,499
99,468
99,429
99,382
99,331
99,216
99,167
99,110
99,060
99,010
98,975
98,929
98,906
98,883
98,858
98,842
98,828
98,817
98,812
98,803
98,798
98,794
98,782
98,779
98,768
98,769
98,764
98,762
98,778
98,811
98,905
99,005
99,199
99,294
99,384
99,455
99,507
99,537
99,543
99,534
99,499
99,460
99,412
99,369
99,315
99,255
99,198
99,140
99,090
99,041
98,990
98,962
98,921
98,889
98,869
98,853
98,834
98,818
98,805
98,796
98,796
98,795
98,782
98,774
98,784
98,775
98,768
98,769
98,786
98,855
98,941
99,051
99,156
99,239
99,346
99,426
99,479
99,527
99,540
99,543
99,514
99,474
99,435
99,389
99,344
99,287
99,227
99,163
99,072
99,009
98,985
98,937
98,906
98,890
98,859
98,851
98,832
98,816
98,809
98,803
98,800
98,793
98,794
98,782
98,778
98,774
98,766
98,773
98,763
98,808
98,890
98,993
99,099
99,194
99,291
99,376
99,506
99,538
99,559
99,533
99,507
99,467
99,421
99,370
99,333
99,263
99,208
99,149
99,095
99,052
98,991
98,968
98,929
98,900
98,877
98,853
98,831
98,822
98,786
98,781
98,772
98,761
98,760
98,781
98,837
98,925
99,036
99,121
99,232
99,314
99,417
99,478
99,519
99,545
99,542
99,526
99,492
99,447
99,408
99,357
99,235
99,181
99,131
99,070
99,033
98,990
98,950
98,929
98,881
98,865
98,855
98,828
98,825
98,819
98,812
98,797
98,801
98,791
98,785
98,777
98,776
98,767
98,769
98,766
98,813
98,885
98,976
99,069
99,278
99,360
99,449
99,499
99,537
99,558
99,541
99,516
99,484
99,443
99,398
99,332
99,273
99,219
99,168
99,108
99,055
99,014
98,970
98,940
98,903
98,875
98,858
98,844
98,834
98,818
98,811
98,799
98,791
98,782
98,792
98,785
98,775
98,778
98,770
98,777
98,830
98,914
99,023
99,109
99,216
99,300
99,408
99,471
99,529
99,539
99,559
99,538
99,499
99,450
99,409
99,367
99,312
99,257
99,189
99,084
99,027
98,991
98,963
98,925
98,894
98,866
98,856
98,831
98,823
98,805
98,814
98,804
98,794
98,800
98,787
98,789
98,783
98,776
98,773
98,767
98,796
98,868
98,956
99,075
99,173
99,262
99,354
99,500
99,544
99,556
99,552
99,528
99,487
99,438
99,392
99,346
99,283
99,222
99,175
99,118
99,060
99,019
98,982
98,947
98,911
98,890
98,869
98,856
98,841
98,833
98,820
98,806
98,796
98,798
98,797
98,790
98,780
98,783
98,771
98,772
98,824
98,903
99,017
99,110
99,209
99,297
99,390
99,459
99,523
99,540
99,561
99,542
99,513
99,470
99,419
99,372
99,316
99,264
99,204
99,145
99,097
99,038
98,964
98,926
98,907
98,877
98,851
98,842
98,833
98,783
98,789
98,789
98,779
98,781
98,773
98,784
98,845
98,937
99,040
99,230
99,339
99,418
99,481
99,522
99,560
99,553
99,530
99,493
99,451
99,401
99,353
99,294
99,235
99,184
99,126
99,072
99,033
98,983
98,954
98,918
98,899
98,873
98,851
98,843
98,826
98,820
98,813
98,797
98,795
98,798
98,792
98,777
98,776
98,778
98,775
98,818
98,884
98,990
99,096
99,186
99,285
99,380
99,451
99,517
99,544
99,553
99,547
99,521
99,478
99,433
99,378
99,324
99,273
99,217
99,109
99,052
99,011
98,961
98,939
98,904
98,888
98,864
98,843
98,830
98,809
98,818
98,807
98,809
98,796
98,795
98,790
98,783
98,784
98,780
98,771
98,777
98,839
98,929
99,039
99,130
99,221
99,321
99,471
99,534
99,549
99,559
99,538
99,494
99,464
99,413
99,359
99,307
99,243
99,194
99,134
99,085
99,032
98,989
98,953
98,910
98,892
98,874
98,848
98,839
98,834
98,827
98,804
98,808
98,801
98,797
98,790
98,789
98,791
98,774
98,782
98,790
98,870
98,973
99,084
99,175
99,269
99,363
99,446
99,510
99,545
99,562
99,556
99,526
99,487
99,441
99,395
99,337
99,285
99,227
99,168
99,114
99,059
98,968
98,947
98,915
98,883
98,864
98,839
98,837
98,823
98,816
98,814
98,807
98,801
98,797
98,788
98,789
98,787
98,775
98,771
98,779
98,830
98,906
99,015
99,123
99,210
99,308
99,398
99,469
99,516
99,562
99,539
99,508
99,460
99,422
99,365
99,310
99,249
99,195
99,135
99,085
99,033
98,995
98,955
98,933
98,901
98,881
98,865
98,842
98,803
98,793
98,785
98,784
98,783
98,773
98,800
98,855
98,943
99,071
99,158
99,250
99,345
99,424
99,499
99,529
99,557
99,566
99,540
99,494
99,446
99,408
99,358
99,295
99,238
99,120
99,066
99,027
98,981
98,954
98,920
98,888
98,867
98,858
98,831
98,827
98,821
98,810
98,803
98,801
98,801
98,790
98,794
98,784
98,786
98,774
98,785
98,818
98,900
99,000
99,109
99,204
99,399
99,457
99,518
99,546
99,559
99,546
99,517
99,473
99,430
99,373
99,327
99,259
99,207
99,156
99,105
99,046
99,006
98,964
98,937
98,898
98,883
98,856
98,847
98,836
98,831
98,820
98,807
98,809
98,805
98,796
98,788
98,791
98,789
98,774
98,783
98,852
98,950
99,049
99,144
99,243
99,342
99,426
99,486
99,526
99,564
99,558
99,543
99,503
99,459
99,401
99,365
99,297
99,243
99,188
99,130
99,082
98,983
98,948
98,925
98,898
98,865
98,852
98,837
98,830
98,821
98,809
98,803
98,808
98,802
98,799
98,791
98,792
98,786
98,775
98,768
98,805
98,884
98,985
99,090
99,192
99,285
99,384
99,452
99,518
99,559
99,553
99,522
99,485
99,441
99,395
99,335
99,274
99,221
99,156
99,104
99,052
98,998
98,968
98,939
98,909
98,886
98,873
98,853
98,837
98,830
98,827
98,822
98,811
98,809
98,803
98,799
98,792
98,774
98,783
98,789
98,832
98,914
99,030
99,136
99,230
99,333
99,417
99,494
99,531
99,560
99,567
99,552
99,513
99,454
99,416
99,360
99,308
99,243
99,191
99,134
99,088
99,040
98,997
98,960
98,892
98,870
98,854
98,845
98,804
98,802
98,798
98,791
98,788
98,786
98,779
98,798
98,865
98,964
99,076
99,172
99,262
99,435
99,512
99,546
99,564
99,571
99,533
99,491
99,445
99,403
99,350
99,281
99,229
99,175
99,126
99,074
99,024
98,980
98,953
98,911
98,893
98,871
98,851
98,844
98,839
98,828
98,813
98,808
98,806
98,803
98,802
98,793
98,782
98,783
98,785
98,817
98,910
99,020
99,120
99,220
99,304
99,406
99,475
99,520
99,553
99,571
99,553
99,508
99,473
99,430
99,377
99,326
99,252
99,201
99,142
99,089
99,005
98,967
98,933
98,910
98,882
98,858
98,855
98,831
98,825
98,823
98,821
98,808
98,814
98,802
98,793
98,789
98,784
98,782
98,779
98,794
98,858
98,950
99,053
99,155
99,256
99,351
99,440
99,507
99,568
99,562
99,535
99,502
99,443
99,408
99,363
99,289
99,228
99,178
99,132
99,071
99,026
98,983
98,947
98,911
98,895
98,864
98,855
98,831
98,829
98,817
98,827
98,815
98,805
98,810
98,794
98,790
98,785
98,784
98,785
98,811
98,895
98,992
99,106
99,194
99,291
99,380
99,458
99,513
99,547
99,569
99,552
99,518
99,478
99,426
99,381
99,327
99,273
99,219
99,152
99,103
99,047
99,013
98,970
98,907
98,882
98,879
98,843
98,834
98,831
98,818
98,816
98,814
98,808
98,803
98,799
98,797
98,795
98,784
98,776
98,792
98,845
98,932
99,049
99,149
99,236
99,339
99,430
99,491
99,536
99,568
99,562
99,501
99,449
99,408
99,366
99,309
99,242
99,190
99,134
99,078
99,038
98,990
98,955
98,937
98,895
98,880
98,861
98,804
98,800
98,801
98,797
98,789
98,778
98,782
98,803
98,876
98,976
99,088
99,186
99,289
99,385
99,467
99,521
99,553
99,569
99,551
99,545
99,485
99,443
99,392
99,340
99,280
99,219
99,158
99,112
99,059
98,976
98,943
98,913
98,887
98,876
98,854
98,842
98,835
98,821
98,817
98,820
98,806
98,803
98,805
98,809
98,798
98,784
98,784
98,789
98,835
98,923
99,034
99,140
99,236
99,324
99,419
99,493
99,537
99,584
99,558
99,521
99,466
99,425
99,380
99,317
99,265
99,193
99,139
99,085
99,040
98,995
98,965
98,931
98,904
98,878
98,858
98,853
98,846
98,836
98,827
98,823
98,820
98,809
98,808
98,804
98,800
98,791
98,782
98,797
98,862
98,973
99,073
99,172
99,271
99,375
99,444
99,512
99,558
99,570
99,572
99,538
99,498
99,453
99,397
99,350
99,276
99,226
99,179
99,129
99,074
99,032
98,980
98,943
98,898
98,863
98,859
98,848
98,837
98,831
98,816
98,813
98,821
98,815
98,814
98,802
98,799
98,787
98,791
98,796
98,825
98,906
99,020
99,117
99,214
99,317
99,412
99,476
99,544
99,571
99,571
99,553
99,488
99,431
99,382
99,321
99,266
99,208
99,148
99,101
99,037
99,005
98,969
98,927
98,909
98,878
98,857
98,849
98,836
98,831
98,826
98,819
98,810
98,809
98,801
98,800
98,805
98,808
98,791
98,775
98,859
98,945
99,067
99,160
99,254
99,358
99,437
99,509
99,555
99,575
99,570
99,546
99,498
99,461
99,414
99,353
99,303
99,242
99,189
99,134
99,076
99,033
98,989
98,954
98,926
98,900
98,883
98,817
98,817
98,813
98,803
98,801
98,794
98,784
98,788
98,819
98,890
98,991
99,094
99,199
99,293
99,390
99,470
99,524
99,557
99,568
99,544
99,488
99,445
99,394
99,339
99,276
99,220
99,156
99,106
99,066
99,015
98,973
98,944
98,913
98,898
98,875
98,854
98,847
98,832
98,831
98,830
98,819
98,818
98,808
98,808
98,811
98,806
98,792
98,788
98,852
98,939
99,052
99,151
99,237
99,348
99,434
99,513
99,543
99,570
99,573
99,560
99,512
99,470
99,421
99,366
99,310
99,248
99,183
99,138
99,087
99,041
98,997
98,966
98,928
98,887
98,861
98,848
98,848
98,843
98,821
98,831
98,820
98,813
98,816
98,806
98,803
98,804
98,790
98,786
98,810
98,874
98,976
99,087
99,187
99,279
99,380
99,461
99,534
99,561
99,572
99,575
99,541
99,445
99,412
99,348
99,292
99,228
99,166
99,122
99,073
99,020
98,985
98,949
98,925
98,894
98,878
98,870
98,844
98,841
98,833
98,825
98,816
98,815
98,803
98,818
98,806
98,796
98,799
98,784
98,829
98,925
99,026
99,134
99,224
99,333
99,420
99,498
99,541
99,569
99,574
99,561
99,523
99,478
99,427
99,374
99,314
99,266
99,207
99,140
99,096
99,051
99,004
98,974
98,932
98,908
98,881
98,871
98,846
98,835
98,830
98,830
98,821
98,816
98,815
98,806
98,806
98,802
98,794
98,797
98,799
98,863
98,964
99,078
99,172
99,277
99,369
99,458
99,515
99,563
99,584
99,580
99,541
99,509
99,462
99,416
99,296
99,242
99,184
99,129
99,079
99,023
98,992
98,952
98,924
98,900
98,884
98,826
98,824
98,811
98,814
98,812
98,803
98,795
98,784
98,837
98,906
99,017
99,116
99,210
99,316
99,410
99,482
99,540
99,574
99,583
99,562
99,531
99,488
99,442
99,384
99,329
99,276
99,210
99,157
99,106
99,064
99,015
98,982
98,948
98,896
98,873
98,864
98,852
98,839
98,839
98,829
98,818
98,823
98,823
98,816
98,818
98,806
98,800
98,789
98,805
98,857
98,953
99,064
99,168
99,259
99,355
99,448
99,518
99,556
99,581
99,579
99,554
99,469
99,416
99,355
99,303
99,245
99,186
99,130
99,074
99,027
98,991
98,946
98,932
98,901
98,887
98,858
98,855
98,845
98,840
98,834
98,829
98,825
98,811
98,813
98,810
98,810
98,801
98,792
98,818
98,893
99,005
99,103
99,204
99,315
99,405
99,476
99,535
99,562
99,575
99,567
99,547
99,496
99,451
99,403
99,346
99,283
99,216
99,165
99,112
99,060
99,006
98,980
98,946
98,912
98,887
98,880
98,847
98,840
98,842
98,813
98,831
98,824
98,815
98,817
98,804
98,802
98,800
98,794
98,799
98,845
98,932
99,046
99,139
99,241
99,337
99,431
99,500
99,546
99,577
99,578
99,559
99,525
99,473
99,374
99,318
99,263
99,199
99,132
99,087
99,048
98,999
98,969
98,931
98,914
98,889
98,868
98,852
98,843
98,839
98,831
98,828
98,828
98,825
98,814
98,812
98,802
98,802
98,802
98,787
98,814
98,873
99,095
99,186
99,275
99,378
99,460
99,523
99,560
99,577
99,568
99,540
99,498
99,458
99,411
99,359
99,294
99,230
99,175
99,119
99,071
99,019
98,986
98,953
98,930
98,898
98,818
98,815
98,818
98,815
98,815
98,805
98,809
98,787
98,792
98,829
98,913
99,021
99,129
99,222
99,317
99,421
99,493
99,548
99,563
99,580
99,534
99,486
99,436
99,384
99,326
99,274
99,209
99,141
99,094
99,053
99,001
98,960
98,933
98,914
98,888
98,875
98,857
98,851
98,839
98,829
98,832
98,822
98,824
98,825
98,817
98,806
98,806
98,810
98,804
98,862
98,967
99,077
99,166
99,264
99,364
99,452
99,516
99,565
99,583
99,583
99,547
99,510
99,471
99,411
99,371
99,305
99,242
99,181
99,123
99,082
99,031
99,000
98,952
98,932
98,905
98,885
98,862
98,848
98,841
98,832
98,820
98,828
98,823
98,820
98,807
98,820
98,813
98,794
98,795
98,819
98,888
99,006
99,111
99,201
99,303
99,402
99,479
99,533
99,575
99,578
99,572
99,538
99,498
99,395
99,337
99,283
99,219
99,162
99,120
99,061
99,003
98,979
98,953
98,918
98,891
98,870
98,863
98,846
98,842
98,834
98,824
98,825
98,835
98,812
98,821
98,813
98,808
98,802
98,796
98,803
98,855
99,060
99,160
99,246
99,360
99,448
99,514
99,563
99,586
99,585
99,564
99,518
99,476
99,421
99,374
99,315
99,248
99,195
99,134
99,084
99,029
98,997
98,964
98,942
98,917
98,889
98,869
98,859
98,840
98,830
98,836
98,827
98,825
98,818
98,812
98,805
98,806
98,793
98,800
98,809
98,878
98,986
99,097
99,187
99,281
99,383
99,472
99,536
99,561
99,587
99,581
99,543
99,500
99,461
99,403
99,349
99,228
99,170
99,117
99,071
99,020
98,995
98,957
98,924
98,905
98,837
98,835
98,820
98,823
98,816
98,810
98,817
98,811
98,806
98,840
98,936
99,040
99,133
99,242
99,333
99,433
99,510
99,556
99,574
99,577
99,568
99,530
99,478
99,434
99,377
99,319
99,265
99,200
99,152
99,097
99,052
99,005
98,967
98,937
98,917
98,865
98,852
98,851
98,843
98,839
98,827
98,822
98,821
98,830
98,815
98,810
98,804
98,802
98,794
98,811
98,874
98,979
99,086
99,181
99,280
99,373
99,471
99,527
99,567
99,589
99,577
99,548
99,511
99,413
99,354
99,294
99,236
99,170
99,129
99,072
99,028
98,977
98,954
98,932
98,904
98,883
98,865
98,868
98,848
98,836
98,838
98,831
98,829
98,828
98,815
98,815
98,806
98,806
98,806
98,792
98,835
99,021
99,125
99,212
99,307
99,417
99,484
99,556
99,581
99,579
99,565
99,529
99,494
99,437
99,399
99,337
99,267
99,203
99,155
99,103
99,052
99,010
98,976
98,936
98,915
98,897
98,872
98,869
98,841
98,848
98,835
98,827
98,826
98,828
98,819
98,806
98,811
98,791
98,803
98,807
98,864
98,955
99,054
99,165
99,261
99,352
99,444
99,517
99,554
99,589
99,574
99,554
99,517
99,473
99,419
99,365
99,244
99,187
99,130
99,089
99,032
98,998
98,966
98,931
98,907
98,887
98,872
98,857
98,852
98,841
98,834
98,837
98,822
98,822
98,821
98,818
98,815
98,809
98,798
98,800
98,825
98,898
98,998
99,106
99,304
99,410
99,473
99,545
99,576
99,582
99,564
99,539
99,494
99,457
99,404
99,342
99,277
99,226
99,160
99,100
99,057
99,019
98,978
98,939
98,919
98,838
98,831
98,818
98,815
98,816
98,808
98,811
98,807
98,800
98,805
98,844
98,945
99,043
99,143
99,239
99,340
99,441
99,518
99,561
99,573
99,583
99,563
99,516
99,477
99,378
99,315
99,255
99,195
99,144
99,090
99,045
99,001
98,966
98,941
98,913
98,891
98,877
98,865
98,853
98,840
98,834
98,834
98,827
98,830
98,823
98,818
98,810
98,806
98,805
98,792
98,819
98,993
99,089
99,185
99,279
99,389
99,484
99,544
99,572
99,596
99,569
99,544
99,500
99,469
99,410
99,352
99,286
99,227
99,167
99,113
99,066
99,019
98,978
98,949
98,927
98,897
98,885
98,874
98,858
98,850
98,839
98,838
98,832
98,825
98,830
98,820
98,817
98,803
98,798
98,793
98,847
98,924
99,040
99,130
99,230
99,327
99,428
99,514
99,557
99,582
99,591
99,568
99,529
99,494
99,443
99,385
99,319
99,190
99,144
99,095
99,047
99,003
98,971
98,944
98,913
98,893
98,873
98,866
98,858
98,847
98,842
98,831
98,835
98,836
98,828
98,831
98,817
98,814
98,800
98,799
98,810
98,871
98,966
99,073
99,171
99,371
99,468
99,531
99,565
99,591
99,581
99,545
99,507
99,469
99,432
99,364
99,297
99,237
99,181
99,131
99,074
99,036
98,997
98,948
98,928
98,905
98,883
98,870
98,864
98,848
98,842
98,838
98,832
98,826
98,818
98,817
98,810
98,807
98,800
98,799
98,832
98,919
99,017
99,115
99,211
99,313
99,415
99,503
99,543
99,580
99,583
99,563
99,530
99,488
99,454
99,390
99,330
99,273
99,215
99,162
99,060
99,019
98,973
98,942
98,910
98,844
98,847
98,836
98,824
98,824
98,824
98,815
98,804
98,807
98,798
98,804
98,863
99,070
99,162
99,260
99,354
99,462
99,527
99,577
99,585
99,577
99,561
99,525
99,471
99,421
99,372
99,311
99,240
99,185
99,135
99,083
99,033
98,990
98,957
98,935
98,904
98,891
98,869
98,859
98,853
98,838
98,838
98,831
98,830
98,828
98,825
98,809
98,812
98,797
98,799
98,822
98,887
98,997
99,098
99,191
99,285
99,403
99,486
99,544
99,577
99,579
99,584
99,543
99,503
99,456
99,406
99,345
99,278
99,174
99,111
99,058
99,024
98,984
98,950
98,920
98,898
98,885
98,862
98,854
98,844
98,841
98,845
98,828
98,835
98,822
98,831
98,817
98,817
98,814
98,805
98,812
98,855
98,936
99,043
99,148
99,228
99,437
99,514
99,558
99,586
99,589
99,552
99,528
99,485
99,441
99,384
99,320
99,256
99,198
99,139
99,103
99,040
98,996
98,963
98,943
98,905
98,892
98,870
98,855
98,861
98,844
98,840
98,844
98,836
98,826
98,824
98,830
98,818
98,807
98,804
98,818
98,883
98,974
99,087
99,182
99,282
99,384
99,472
99,528
99,585
99,590
99,575
99,551
99,505
99,466
99,418
99,362
99,305
99,243
99,181
99,129
99,037
98,993
98,959
98,935
98,907
98,884
98,869
98,868
98,860
98,843
98,842
98,842
98,834
98,833
98,827
98,816
98,820
98,805
98,803
98,803
98,845
98,926
99,030
99,125
99,227
99,325
99,421
99,506
99,576
99,576
99,564
99,531
99,490
99,445
99,385
99,329
99,267
99,205
99,147
99,098
99,051
99,011
98,976
98,948
98,852
98,842
98,833
98,839
98,829
98,830
98,824
98,813
98,813
98,808
98,808
98,869
98,958
99,062
99,169
99,256
99,350
99,456
99,522
99,573
99,578
99,582
99,551
99,519
99,476
99,428
99,372
99,305
97,648
99,129
99,087
99,041
98,990
98,959
98,929
98,910
98,890
98,866
98,861
98,849
98,859
98,845
98,837
98,837
98,832
98,830
98,823
98,818
98,813
98,807
98,802
98,827
98,913
99,019
99,108
99,208
99,406
99,501
99,552
99,584
99,597
99,571
99,538
99,500
99,450
99,413
99,341
99,271
99,218
99,156
99,110
99,059
99,009
98,979
98,945
98,925
98,899
98,882
98,868
98,859
98,850
98,847
98,832
98,839
98,823
98,830
98,829
98,819
98,811
98,804
98,816
98,858
98,942
99,060
99,150
99,245
99,350
99,442
99,524
99,565
99,584
99,573
99,564
99,527
99,485
99,437
99,380
99,323
99,247
99,195
99,138
99,084
98,989
98,968
98,934
98,913
98,882
98,874
98,866
98,852
98,844
98,849
98,843
98,834
98,833
98,824
98,827
98,820
98,816
98,811
98,804
98,824
98,899
99,005
99,101
99,189
99,288
99,393
99,483
99,559
99,589
99,575
99,545
99,495
99,458
99,413
99,344
99,284
99,228
99,169
99,114
99,071
99,029
98,985
98,952
98,929
98,899
98,881
98,866
98,863
98,852
98,846
98,845
98,842
98,837
98,838
98,825
98,821
98,811
98,799
98,807
98,842
98,939
99,040
99,139
99,231
99,337
99,430
99,504
99,568
99,583
99,584
99,556
99,537
99,493
99,434
99,394
99,323
99,265
99,203
99,140
99,097
99,045
99,008
98,973
98,846
98,845
98,847
98,844
98,830
98,827
98,826
98,825
98,821
98,802
98,802
98,817
98,882
98,983
99,087
99,182
99,268
99,479
99,540
99,580
99,589
99,577
99,550
99,512
99,464
99,426
99,361
99,294
99,232
99,169
99,115
99,076
99,031
98,987
98,957
98,933
98,907
98,883
98,871
98,856
98,855
98,840
98,831
98,836
98,835
98,830
98,820
98,817
98,815
98,815
98,798
98,832
98,922
99,032
99,121
99,223
99,317
99,424
99,502
99,560
99,593
99,583
99,570
99,524
99,488
99,448
99,394
99,328
99,271
99,209
99,149
99,105
99,056
98,970
98,943
98,927
98,892
98,878
98,861
98,862
98,861
98,852
98,848
98,844
98,834
98,845
98,821
98,820
98,812
98,808
98,806
98,812
98,865
98,956
99,065
99,157
99,250
99,348
99,461
99,532
99,563
99,584
99,558
99,522
99,481
99,425
99,376
99,310
99,246
99,191
99,135
99,093
99,042
98,989
98,965
98,940
98,913
98,887
98,880
98,862
98,852
98,845
98,844
98,831
98,842
98,829
98,831
98,824
98,826
98,807
98,805
98,832
98,907
99,007
99,100
99,200
99,302
99,399
99,495
99,559
99,568
99,595
99,576
99,548
99,501
99,462
99,410
99,338
99,283
99,225
99,168
99,111
99,063
99,017
98,983
98,953
98,931
98,891
98,871
98,859
98,861
98,838
98,841
98,840
98,840
98,827
98,828
98,825
98,809
98,819
98,809
98,816
98,858
98,952
99,053
99,154
99,247
99,348
99,452
99,528
99,566
99,592
99,586
99,559
99,486
99,441
99,384
99,312
99,253
99,199
99,138
99,092
99,048
99,005
98,965
98,863
98,855
98,847
98,851
98,851
98,829
98,836
98,819
98,811
98,812
98,806
98,820
98,900
98,995
99,102
99,189
99,289
99,382
99,492
99,548
99,578
99,594
99,570
99,550
99,517
99,464
99,411
99,349
99,289
99,231
99,176
99,124
99,071
99,031
98,959
98,928
98,907
98,880
98,873
98,862
98,851
98,854
98,849
98,845
98,838
98,836
98,829
98,830
98,821
98,817
98,811
98,807
98,856
98,935
99,047
99,137
99,237
99,332
99,436
99,531
99,577
99,573
99,588
99,531
99,492
99,446
99,387
99,330
99,251
99,208
99,158
99,102
99,050
99,011
98,973
98,936
98,928
98,901
98,885
98,870
98,858
98,859
98,857
98,841
98,851
98,843
98,845
98,820
98,831
98,824
98,818
98,821
98,876
98,976
99,080
99,160
99,268
99,382
99,479
99,554
99,579
99,594
99,594
99,563
99,517
99,481
99,430
99,368
99,302
99,249
99,182
99,135
99,076
99,044
98,997
98,957
98,929
98,915
98,878
98,872
98,862
98,850
98,844
98,834
98,840
98,834
98,837
98,831
98,825
98,821
98,816
98,817
98,846
98,924
99,033
99,126
99,205
99,322
99,436
99,513
99,570
99,584
99,599
99,577
99,529
99,491
99,450
99,339
99,270
99,221
99,161
99,115
99,053
99,023
98,979
98,955
98,929
98,906
98,888
98,876
98,866
98,857
98,851
98,848
98,844
98,843
98,841
98,839
98,828
98,822
98,816
98,817
98,823
98,878
98,968
99,165
99,272
99,372
99,472
99,545
99,585
99,583
99,589
99,570
99,520
99,483
99,432
99,377
99,308
99,237
99,192
99,139
99,085
99,048
99,002
98,857
98,859
98,849
98,846
98,842
98,837
98,832
98,836
98,833
98,829
98,811
98,815
98,834
98,914
99,011
99,111
99,203
99,317
99,421
99,521
99,564
99,591
99,594
99,579
99,553
99,472
99,403
99,352
99,282
99,223
99,175
99,121
99,071
99,022
98,989
98,954
98,928
98,902
98,884
98,877
98,866
98,858
98,852
98,849
98,848
98,842
98,837
98,833
98,825
98,824
98,815
98,822
98,815
98,956
99,057
99,156
99,250
99,363
99,458
99,537
99,580
99,587
99,592
99,573
99,540
99,496
99,435
99,385
99,318
99,248
99,197
99,138
99,090
99,055
99,011
98,970
98,940
98,921
98,904
98,887
98,873
98,865
98,849
98,842
98,839
98,841
98,835
98,840
98,829
98,825
98,820
98,806
98,831
98,901
99,010
99,111
99,197
99,307
99,410
99,499
99,568
99,594
99,590
99,585
99,551
99,515
99,471
99,417
99,362
99,231
99,179
99,124
99,065
99,033
98,994
98,956
98,931
98,910
98,893
98,882
98,877
98,862
98,862
98,845
98,846
98,851
98,849
98,842
98,836
98,828
98,828
98,819
98,817
98,858
98,942
99,044
99,146
99,351
99,446
99,525
99,578
99,587
99,599
99,574
99,547
99,500
99,453
99,399
99,333
99,272
99,211
99,157
99,105
99,067
99,013
98,980
98,950
98,913
98,902
98,890
98,864
98,870
98,859
98,857
98,856
98,847
98,841
98,830
98,842
98,829
98,826
98,818
98,829
98,890
98,988
99,098
99,185
99,281
99,392
99,494
99,554
99,583
99,596
99,583
99,562
99,523
99,475
99,428
99,374
99,304
99,245
99,185
99,091
99,035
99,000
98,872
98,861
98,865
98,852
98,853
98,851
98,846
98,840
98,834
98,830
98,820
98,816
98,819
98,847
99,033
99,134
99,230
99,329
99,440
99,519
99,572
99,593
99,598
99,581
99,554
99,502
99,456
99,408
99,347
99,282
99,221
99,164
99,112
99,061
99,020
98,981
98,955
98,926
98,911
98,883
98,883
98,873
98,864
98,854
98,852
98,841
98,848
98,829
98,832
98,834
98,827
98,815
98,821
98,884
98,983
99,082
99,176
99,265
99,374
99,485
99,556
99,584
99,599
99,588
99,568
99,523
99,488
99,444
99,381
99,313
99,197
99,134
99,091
99,045
99,007
98,970
98,947
98,917
98,911
98,888
98,879
98,867
98,866
98,858
98,858
98,855
98,841
98,851
98,836
98,833
98,827
98,827
98,814
98,838
98,913
99,016
99,121
99,206
99,421
99,510
99,574
99,592
99,596
99,588
99,559
99,521
99,472
99,421
99,360
99,284
99,230
99,175
99,122
99,074
99,019
98,998
98,963
98,940
98,922
98,896
98,881
98,873
98,871
98,868
98,854
98,847
98,848
98,835
98,836
98,831
98,825
98,807
98,823
98,880
98,961
99,074
99,160
99,256
99,372
99,476
99,543
99,584
99,601
99,586
99,573
99,545
99,494
99,443
99,398
99,332
99,250
99,206
99,153
99,054
99,011
98,973
98,949
98,927
98,898
98,888
98,871
98,878
98,866
98,846
98,849
98,847
98,845
98,841
98,838
98,834
98,831
98,821
98,821
98,838
98,902
99,014
99,101
99,197
99,302
99,414
99,513
99,593
99,603
99,584
99,565
99,526
99,468
99,429
99,371
99,302
99,231
99,182
99,130
99,072
99,031
98,876
98,870
98,866
98,853
98,850
98,851
98,838
98,848
98,841
98,843
98,832
98,814
98,819
98,868
98,947
99,059
99,148
99,248
99,345
99,458
99,537
99,581
99,596
99,595
99,587
99,545
99,511
99,456
99,404
99,327
99,265
99,159
99,109
99,065
99,009
98,981
98,961
98,932
98,916
98,884
98,881
98,877
98,871
98,866
98,858
98,850
98,853
98,847
98,843
98,835
98,835
98,835
98,817
98,828
98,889
98,980
99,093
99,180
99,389
99,487
99,559
99,586
99,600
99,589
99,569
99,531
99,488
99,431
99,381
99,302
99,248
99,189
99,136
99,089
99,041
99,004
98,973
98,942
98,922
98,893
98,885
98,874
98,870
98,862
98,862
98,860
98,861
98,834
98,843
98,833
98,832
98,821
98,823
98,863
98,929
99,030
99,127
99,221
99,318
99,441
99,522
99,573
99,601
99,600
99,582
99,555
99,506
99,467
99,415
99,340
99,280
99,225
99,163
99,126
99,030
98,981
98,959
98,933
98,915
98,902
98,881
98,871
98,869
98,865
98,856
98,858
98,857
98,845
98,836
98,838
98,835
98,832
98,826
98,825
98,890
98,979
99,084
99,179
99,278
99,385
99,475
99,556
99,605
99,591
99,566
99,550
99,493
99,433
99,381
99,307
99,247
99,194
99,149
99,097
99,046
99,000
98,973
98,940
98,923
98,906
98,886
98,884
98,869
98,863
98,860
98,858
98,855
98,849
98,847
98,841
98,836
98,825
98,828
98,856
98,928
99,023
99,124
99,205
99,316
99,425
99,518
99,577
99,601
99,602
99,594
99,558
99,510
99,470
99,419
99,344
99,283
99,235
99,173
99,117
99,066
98,882
98,876
98,878
98,869
98,859
98,854
98,854
98,852
98,843
98,838
98,827
98,832
98,819
98,829
98,865
98,963
99,062
99,150
99,253
99,360
99,541
99,579
99,601
99,603
99,581
99,539
99,494
99,447
99,383
99,333
99,267
99,207
99,155
99,094
99,054
99,013
98,976
98,946
98,934
98,923
98,889
98,883
98,876
98,875
98,870
98,860
98,862
98,851
98,847
98,835
98,837
98,832
98,815
98,844
98,904
99,011
99,106
99,194
99,298
99,411
99,501
99,566
99,592
99,592
99,591
99,567
99,526
99,477
99,422
99,365
99,307
99,250
99,185
99,133
99,083
98,995
98,958
98,940
98,924
98,901
98,883
98,873
98,869
98,861
98,864
98,859
98,846
98,845
98,849
98,842
98,840
98,829
98,822
98,821
98,868
98,941
99,045
99,137
99,234
99,344
99,457
99,531
99,583
99,609
99,587
99,553
99,508
99,464
99,412
99,342
99,270
99,212
99,160
99,116
99,065
99,022
98,988
98,949
98,937
98,902
98,888
98,888
98,874
98,861
98,863
98,857
98,855
98,847
98,850
98,849
98,834
98,826
98,824
98,835
98,887
98,981
99,102
99,178
99,291
99,396
99,491
99,563
99,593
99,603
99,598
99,571
99,529
99,485
99,441
99,374
99,306
99,249
99,193
99,140
99,089
99,044
98,992
98,976
98,925
98,902
98,882
98,884
98,868
98,871
98,862
98,852
98,863
98,859
98,849
98,849
98,834
98,827
98,820
98,820
98,849
98,930
99,030
99,131
99,225
99,328
99,434
99,524
99,571
99,602
99,603
99,597
99,512
99,465
99,409
99,346
99,276
99,227
99,168
99,117
99,071
98,897
98,883
98,872
98,869
98,858
98,868
98,862
98,856
98,846
98,846
98,841
98,825
98,824
98,827
98,882
98,976
99,078
99,174
99,276
99,387
99,486
99,555
99,601
99,608
99,593
99,578
99,543
99,488
99,442
99,373
99,321
99,255
99,199
99,147
99,096
99,055
98,972
98,948
98,937
98,905
98,886
98,877
98,872
98,865
98,859
98,861
98,860
98,856
98,850
98,846
98,839
98,839
98,834
98,819
98,848
98,907
99,009
99,117
99,206
99,307
99,418
99,514
99,572
99,600
99,604
99,564
99,524
99,477
99,423
99,364
99,286
99,231
99,177
99,124
99,076
99,035
98,994
98,959
98,940
98,920
98,904
98,881
98,879
98,874
98,870
98,871
98,854
98,858
98,855
98,857
98,844
98,832
98,829
98,827
98,868
98,963
99,054
99,157
99,252
99,355
99,473
99,545
99,591
99,601
99,601
99,593
99,547
99,508
99,453
99,395
99,335
99,268
99,214
99,157
99,107
99,052
99,025
98,977
98,927
98,915
98,893
98,882
98,877
98,866
98,862
98,859
98,858
98,857
98,854
98,846
98,843
98,835
98,830
98,833
98,847
98,900
99,007
99,097
99,191
99,296
99,410
99,513
99,567
99,593
99,608
99,602
99,533
99,484
99,428
99,380
99,306
99,241
99,186
99,128
99,088
99,038
98,997
98,965
98,936
98,929
98,899
98,889
98,888
98,869
98,874
98,862
98,865
98,851
98,846
98,855
98,852
98,847
98,830
98,829
98,862
98,946
99,050
99,143
99,234
99,336
99,451
99,529
99,585
99,597
99,596
99,585
99,560
99,511
99,469
99,417
99,346
99,282
99,219
99,161
99,113
98,901
98,882
98,874
98,883
98,861
98,871
98,860
98,860
98,849
98,854
98,842
98,832
98,835
98,822
98,831
98,891
98,976
99,092
99,181
99,274
99,394
99,501
99,561
99,613
99,605
99,580
99,544
99,491
99,439
99,388
99,315
99,254
99,201
99,144
99,092
99,044
99,011
98,968
98,948
98,923
98,903
98,896
98,895
98,877
98,872
98,862
98,861
98,863
98,860
98,853
98,854
98,839
98,833
98,822
98,858
98,927
99,020
99,131
99,221
99,333
99,448
99,543
99,582
99,608
99,612
99,601
99,563
99,525
99,478
99,430
99,355
99,285
99,233
99,175
99,117
99,072
99,032
98,997
98,967
98,919
98,897
98,896
98,885
98,871
98,871
98,865
98,869
98,857
98,859
98,851
98,849
98,842
98,839
98,827
98,833
98,875
98,974
99,072
