97,019
97,013
97,025
97,025
97,022
97,014
97,022
97,021
97,012
97,022
97,022
97,013
97,013
97,018
97,013
97,023
97,025
97,011
97,019
97,023
97,020
97,008
97,015
97,018
97,018
97,023
97,020
97,026
97,021
97,014
97,013
97,015
97,011
97,016
97,020
97,020
97,020
97,015
97,017
97,019
97,008
97,022
97,020
97,016
97,011
97,018
97,014
97,014
97,017
97,008
97,012
97,016
97,016
97,019
97,024
97,016
97,016
97,010
97,020
97,013
97,011
97,015
97,022
97,022
97,017
97,018
97,014
97,009
97,016
97,022
97,018
97,012
97,007
97,018
97,025
97,026
97,011
97,026
97,016
97,014
97,016
97,021
97,022
97,018
97,025
97,011
97,010
97,024
97,016
97,022
97,019
97,014
97,016
97,020
97,020
97,020
97,020
97,024
97,013
97,015
97,012
97,015
97,018
97,006
97,011
97,014
97,025
97,009
97,016
97,029
97,017
97,015
97,022
97,018
97,018
97,022
97,023
97,012
97,018
97,017
97,022
97,016
97,013
97,017
97,010
97,024
97,015
97,021
97,017
97,021
97,023
97,007
97,013
97,010
97,007
97,014
97,017
97,016
97,021
97,017
97,012
97,017
97,023
97,011
97,017
97,015
97,023
97,019
97,006
97,017
97,011
97,020
97,017
97,012
97,020
97,016
97,012
97,020
97,011
97,020
97,031
97,012
97,015
97,016
97,014
97,013
97,011
97,017
97,017
97,022
97,015
97,019
97,020
97,014
97,019
97,024
97,023
97,016
97,016
97,021
97,009
97,022
97,021
97,007
97,015
97,020
97,015
97,018
97,020
97,016
97,010
97,011
97,014
97,018
97,008
97,025
97,017
97,022
97,021
97,021
97,016
97,009
97,015
97,032
97,010
97,026
97,017
97,021
97,019
97,019
97,020
97,015
97,018
97,013
97,014
97,012
97,012
97,017
97,021
97,018
97,016
97,017
97,016
97,011
97,015
97,012
97,011
97,013
97,016
97,011
97,022
97,022
97,016
97,018
97,011
97,012
97,005
97,015
97,011
97,011
97,015
97,020
97,014
97,023
97,008
97,009
97,016
97,020
97,008
97,016
97,017
97,019
97,009
97,018
97,016
97,009
97,016
97,017
97,016
97,014
97,014
97,020
97,014
97,019
97,022
97,021
97,012
97,014
97,015
97,016
97,011
97,015
97,020
97,025
97,014
97,020
97,021
97,018
97,013
97,014
97,027
97,018
97,011
97,016
97,026
97,019
97,015
97,022
97,020
97,011
97,009
97,025
97,009
97,026
97,010
97,020
97,008
97,019
97,012
97,013
97,014
97,011
97,015
97,008
97,023
97,022
97,014
97,019
97,015
97,017
97,015
97,009
97,023
97,013
97,014
97,018
97,019
97,017
97,028
97,015
97,018
97,018
97,017
97,011
97,022
97,013
97,012
97,019
97,017
97,017
97,007
97,010
97,014
97,025
97,019
97,015
97,017
97,015
97,009
97,019
97,013
97,021
97,024
97,017
97,018
97,024
97,016
97,016
97,015
97,012
97,011
97,015
97,013
97,013
97,017
97,019
97,021
97,019
97,014
97,019
97,014
97,015
97,023
97,013
97,019
97,010
97,015
97,022
97,014
97,019
97,017
97,020
97,019
97,021
97,012
97,023
97,020
97,022
97,010
97,020
97,014
97,017
97,021
97,021
97,013
97,017
97,023
97,024
97,025
97,015
97,010
97,022
97,018
97,021
97,019
97,015
97,015
97,019
97,017
97,020
97,024
97,018
97,005
97,015
97,014
97,014
97,016
97,010
97,016
97,018
97,017
97,011
97,011
97,013
97,014
97,017
97,018
97,023
97,021
97,018
97,019
97,023
97,010
97,022
97,014
97,020
97,010
97,017
97,020
97,028
97,017
97,024
97,022
97,019
97,015
97,016
97,013
97,015
97,014
97,014
97,018
97,022
97,013
97,021
97,013
97,011
97,015
97,012
97,007
97,022
97,013
97,007
97,003
97,017
97,023
97,014
97,020
97,012
97,022
97,011
97,015
97,012
97,015
97,020
97,021
97,011
97,013
97,016
97,016
97,019
97,014
97,010
97,013
97,011
97,005
97,023
97,015
97,012
97,017
97,024
97,019
97,014
97,017
97,016
97,018
97,013
97,024
97,014
97,010
97,020
97,017
97,017
97,014
97,020
97,011
97,022
97,019
97,016
97,013
97,022
97,020
97,023
97,011
97,018
97,012
97,018
97,025
97,005
97,009
97,012
97,022
97,019
97,017
97,024
97,013
97,016
97,023
97,007
97,017
97,018
97,014
97,016
97,020
97,010
97,014
97,019
97,009
97,019
97,020
97,013
97,016
97,019
97,010
97,017
97,017
97,010
97,014
97,022
97,015
97,017
97,011
97,024
97,017
97,018
97,017
97,019
97,016
97,019
97,013
97,025
97,019
97,022
97,018
97,011
97,008
97,014
97,018
97,026
97,012
97,008
97,016
97,017
97,012
97,013
97,026
97,016
97,018
97,010
97,018
97,024
97,025
97,007
97,011
97,012
97,013
97,020
97,016
97,012
97,012
97,021
97,024
97,015
97,011
97,018
97,012
97,007
97,020
97,025
97,013
97,014
97,020
97,013
97,020
97,013
97,015
97,018
97,011
97,013
97,018
97,014
97,019
97,016
97,017
97,018
97,015
97,013
97,022
97,012
97,013
97,015
97,025
97,015
97,016
97,008
97,006
97,008
97,014
97,017
97,019
97,021
97,018
97,019
97,021
97,019
97,020
97,024
97,022
97,013
97,018
97,015
97,013
97,008
97,021
97,010
97,016
97,009
97,029
97,021
97,013
97,014
97,014
97,011
97,019
97,016
97,015
97,013
97,020
97,021
97,021
97,005
97,020
97,011
97,017
97,009
97,006
97,011
97,021
97,013
97,020
97,009
97,021
97,023
97,017
97,015
97,006
97,019
97,019
97,011
97,022
97,022
97,017
97,020
97,008
97,009
97,010
97,015
97,012
97,012
97,016
97,015
97,023
97,009
97,015
97,015
97,018
97,007
97,011
97,021
97,018
97,019
97,018
97,015
97,025
97,021
97,007
97,013
97,013
97,011
97,019
97,024
97,013
97,013
97,018
97,014
97,023
97,020
97,015
97,011
97,013
97,020
97,015
97,025
97,018
97,023
97,020
97,022
97,011
97,018
97,016
97,020
97,018
97,017
97,022
97,020
97,011
97,009
97,017
97,009
97,010
97,011
97,025
97,019
97,019
97,011
97,005
97,011
97,010
97,018
97,016
97,017
97,026
97,021
97,006
97,020
97,016
97,018
97,007
97,009
97,024
97,021
97,011
97,024
97,016
97,015
97,027
97,011
97,014
97,020
97,017
97,010
97,023
97,019
97,013
97,021
97,021
97,014
97,020
97,010
97,015
97,018
97,018
97,022
97,014
97,018
97,017
97,018
97,010
97,019
97,013
97,015
97,019
97,020
97,012
97,008
97,013
97,016
97,011
97,018
97,015
97,014
97,016
97,015
97,006
97,019
97,006
97,005
97,011
97,016
97,009
97,017
97,021
97,019
97,022
97,018
97,016
97,006
97,008
97,011
97,028
97,012
97,017
97,006
97,021
97,009
97,023
97,010
97,018
97,013
97,018
97,014
97,012
97,015
97,021
97,012
97,014
97,023
97,016
97,024
97,018
97,014
97,015
97,018
97,018
97,013
97,019
97,024
97,014
97,017
97,016
97,020
97,013
97,018
97,008
97,022
97,011
97,012
97,016
97,019
97,015
97,018
97,016
97,015
97,018
97,013
97,015
97,014
97,016
97,022
97,009
97,010
97,015
97,020
97,013
97,011
97,013
97,018
97,014
97,012
97,011
97,010
97,012
97,014
97,014
97,018
97,023
97,010
97,015
97,012
97,011
97,022
97,016
97,016
97,008
97,010
97,019
97,013
97,010
97,014
97,014
97,009
97,014
97,015
97,011
97,011
97,014
97,026
97,011
97,015
97,016
97,009
97,013
97,017
97,024
97,013
97,018
97,007
97,010
97,017
97,012
97,024
97,013
97,012
97,010
97,022
97,015
97,016
97,015
97,011
97,018
97,012
97,021
97,015
97,014
97,014
97,014
97,018
97,026
97,010
97,011
97,012
97,017
97,016
97,006
97,015
97,019
97,010
97,026
97,012
97,018
97,020
97,018
97,016
97,006
97,014
97,012
97,018
97,013
97,015
97,010
97,026
97,011
97,016
97,014
97,015
97,014
97,008
97,011
97,018
97,004
97,015
97,015
97,018
97,020
97,014
97,015
97,014
97,015
97,020
97,014
97,013
97,011
97,010
97,008
97,020
97,017
97,025
97,018
97,016
97,019
97,006
97,013
97,009
97,013
97,014
97,015
97,026
97,015
97,010
97,017
97,007
97,017
97,021
97,013
97,013
97,011
97,011
97,013
97,023
97,003
97,012
97,012
97,017
97,025
97,012
97,020
97,018
97,012
97,019
97,016
97,013
97,009
97,013
97,012
97,019
97,017
97,012
97,012
97,012
97,010
97,001
97,016
97,014
97,010
97,015
97,016
97,013
97,011
97,012
97,000
97,016
97,009
97,017
97,021
97,023
97,031
97,050
97,074
97,076
97,105
97,124
97,124
97,144
97,151
97,164
97,175
97,176
97,188
97,186
97,183
97,180
97,180
97,174
97,165
97,159
97,155
97,159
97,153
97,147
97,150
97,133
97,143
97,145
97,145
97,156
97,147
97,135
97,144
97,145
97,146
97,139
97,153
97,163
97,150
97,152
97,145
97,147
97,141
97,146
97,144
97,142
97,143
97,137
97,149
97,148
97,137
97,140
97,137
97,138
97,130
97,145
97,138
97,137
97,135
97,136
97,139
97,141
97,130
97,132
97,136
97,125
97,132
97,133
97,122
97,131
97,130
97,122
97,127
97,126
97,125
97,130
97,128
97,125
97,125
97,133
97,127
97,121
97,123
97,123
97,121
97,119
97,123
97,125
97,122
97,124
97,116
97,120
97,119
97,121
97,116
97,123
97,119
97,119
97,113
97,108
97,114
97,110
97,121
97,110
97,116
97,112
97,112
97,112
97,115
97,127
97,114
97,111
97,109
97,109
97,110
97,109
97,110
97,102
97,112
97,108
97,114
97,112
97,101
97,104
97,094
97,107
97,104
97,111
97,098
97,101
97,104
97,102
97,100
97,103
97,108
97,105
97,100
97,104
97,100
97,102
97,090
97,098
97,095
97,106
97,101
97,093
97,100
97,093
97,097
97,093
97,097
97,087
97,094
97,099
97,095
97,106
97,095
97,092
97,094
97,099
97,087
97,087
97,096
97,085
97,098
97,094
97,087
97,086
97,091
97,090
97,093
97,089
97,084
97,090
97,087
97,087
97,091
97,079
97,085
97,085
97,088
97,089
97,092
97,096
97,092
97,087
97,084
97,084
97,081
97,078
97,082
97,084
97,085
97,084
97,090
97,095
97,114
97,125
97,148
97,158
97,185
97,188
97,217
97,228
97,233
97,255
97,265
97,259
97,256
97,255
97,261
97,260
97,247
97,238
97,242
97,229
97,222
97,217
97,218
97,217
97,222
97,218
97,212
97,215
97,221
97,220
97,221
97,227
97,219
97,212
97,207
97,217
97,215
97,225
97,216
97,211
97,217
97,204
97,215
97,204
97,211
97,209
97,212
97,206
97,211
97,205
97,200
97,202
97,203
97,200
97,200
97,194
97,202
97,200
97,192
97,196
97,198
97,197
97,196
97,192
97,198
97,184
97,192
97,179
97,191
97,192
97,189
97,178
97,182
97,188
97,185
97,178
97,172
97,181
97,180
97,179
97,173
97,177
97,177
97,183
97,178
97,164
97,181
97,179
97,177
97,171
97,172
97,175
97,171
97,177
97,172
97,162
97,172
97,171
97,173
97,163
97,164
97,163
97,168
97,163
97,155
97,165
97,168
97,156
97,165
97,157
97,160
97,156
97,155
97,157
97,154
97,162
97,153
97,147
97,149
97,150
97,147
97,147
97,149
97,151
97,147
97,145
97,144
97,144
97,151
97,143
97,150
97,141
97,135
97,149
97,141
97,145
97,144
97,145
97,146
97,140
97,135
97,134
97,131
97,140
97,133
97,135
97,135
97,131
97,139
97,138
97,133
97,139
97,126
97,127
97,125
97,128
97,132
97,126
97,132
97,124
97,129
97,119
97,131
97,125
97,131
97,118
97,126
97,121
97,119
97,126
97,127
97,127
97,124
97,123
97,133
97,119
97,125
97,122
97,110
97,120
97,118
97,119
97,121
97,121
97,115
97,120
97,114
97,116
97,113
97,118
97,113
97,116
97,112
97,126
97,132
97,152
97,167
97,185
97,195
97,228
97,244
97,256
97,264
97,275
97,288
97,294
97,300
97,294
97,291
97,285
97,292
97,276
97,275
97,278
97,258
97,265
97,254
97,248
97,253
97,240
97,237
97,255
97,239
97,238
97,234
97,249
97,247
97,248
97,246
97,257
97,242
97,248
97,247
97,247
97,242
97,240
97,245
97,243
97,239
97,237
97,235
97,240
97,235
97,234
97,227
97,226
97,236
97,234
97,228
97,223
97,222
97,226
97,220
97,225
97,228
97,218
97,224
97,221
97,220
97,225
97,219
97,217
97,215
97,220
97,218
97,212
97,219
97,211
97,195
97,208
97,207
97,200
97,205
97,206
97,208
97,208
97,198
97,194
97,193
97,205
97,202
97,191
97,186
97,184
97,194
97,190
97,188
97,197
97,188
97,193
97,185
97,188
97,190
97,181
97,183
97,185
97,180
97,174
97,180
97,182
97,178
97,184
97,182
97,179
97,182
97,170
97,184
97,169
97,175
97,173
97,169
97,164
97,169
97,173
97,173
97,171
97,167
97,172
97,164
97,161
97,165
97,161
97,168
97,165
97,160
97,161
97,170
97,165
97,158
97,159
97,162
97,168
97,162
97,167
97,164
97,159
97,157
97,153
97,154
97,164
97,150
97,148
97,152
97,148
97,151
97,158
97,146
97,154
97,150
97,153
97,150
97,145
97,143
97,144
97,141
97,138
97,142
97,140
97,136
97,137
97,151
97,146
97,142
97,145
97,143
97,141
97,138
97,137
97,129
97,140
97,136
97,136
97,142
97,138
97,138
97,136
97,132
97,140
97,139
97,140
97,135
97,132
97,124
97,123
97,127
97,129
97,126
97,126
97,130
97,142
97,150
97,169
97,188
97,199
97,218
97,233
97,260
97,282
97,287
97,294
97,313
97,304
97,314
97,309
97,305
97,298
97,296
97,283
97,287
97,282
97,280
97,273
97,261
97,273
97,261
97,251
97,256
97,265
97,259
97,255
97,262
97,264
97,265
97,260
97,262
97,254
97,259
97,259
97,268
97,260
97,260
97,255
97,253
97,249
97,252
97,253
97,250
97,243
97,260
97,254
97,259
97,246
97,248
97,241
97,238
97,244
97,240
97,242
97,233
97,233
97,227
97,226
97,237
97,228
97,235
97,226
97,223
97,223
97,234
97,227
97,219
97,222
97,216
97,220
97,223
97,215
97,221
97,194
97,212
97,212
97,213
97,213
97,211
97,214
97,210
97,214
97,203
97,205
97,204
97,201
97,203
97,202
97,209
97,203
97,200
97,204
97,195
97,198
97,200
97,196
97,198
97,193
97,195
97,195
97,199
97,190
97,187
97,186
97,189
97,189
97,183
97,192
97,189
97,187
97,180
97,188
97,186
97,186
97,182
97,184
97,178
97,185
97,181
97,176
97,184
97,175
97,178
97,181
97,179
97,179
97,178
97,174
97,182
97,180
97,172
97,172
97,165
97,165
97,174
97,159
97,172
97,161
97,156
97,155
97,167
97,162
97,161
97,166
97,167
97,160
97,155
97,157
97,160
97,153
97,161
97,163
97,161
97,157
97,164
97,163
97,156
97,154
97,164
97,158
97,153
97,146
97,151
97,156
97,146
97,149
97,157
97,147
97,145
97,150
97,145
97,144
97,151
97,143
97,147
97,145
97,146
97,143
97,142
97,138
97,136
97,138
97,141
97,136
97,140
97,143
97,142
97,141
97,137
97,139
97,132
97,149
97,160
97,181
97,205
97,234
97,248
97,266
97,280
97,299
97,310
97,317
97,314
97,320
97,319
97,322
97,311
97,307
97,303
97,304
97,296
97,286
97,287
97,285
97,268
97,272
97,273
97,275
97,269
97,255
97,270
97,267
97,272
97,270
97,272
97,273
97,267
97,266
97,270
97,278
97,265
97,265
97,265
97,273
97,254
97,269
97,268
97,267
97,264
97,252
97,252
97,249
97,253
97,251
97,241
97,243
97,248
97,254
97,243
97,240
97,246
97,241
97,243
97,246
97,243
97,243
97,241
97,234
97,233
97,233
97,222
97,235
97,235
97,227
97,226
97,222
97,229
97,222
97,220
97,226
97,226
97,214
97,217
97,217
97,222
97,214
97,225
97,213
97,212
97,214
97,214
97,210
97,220
97,203
97,211
97,204
97,208
97,204
97,204
97,210
97,201
97,202
97,209
97,204
97,193
97,210
97,185
97,195
97,196
97,204
97,191
97,193
97,190
97,205
97,192
97,192
97,189
97,197
97,186
97,194
97,195
97,184
97,188
97,186
97,189
97,189
97,188
97,191
97,190
97,179
97,177
97,187
97,180
97,179
97,181
97,177
97,170
97,174
97,172
97,176
97,169
97,167
97,178
97,174
97,172
97,171
97,168
97,167
97,174
97,168
97,167
97,169
97,163
97,163
97,166
97,158
97,164
97,159
97,164
97,163
97,162
97,163
97,157
97,158
97,160
97,163
97,166
97,145
97,148
97,157
97,155
97,166
97,158
97,160
97,151
97,148
97,153
97,157
97,152
97,156
97,152
97,150
97,148
97,150
97,151
97,154
97,146
97,142
97,146
97,144
97,144
97,138
97,143
97,143
97,136
97,148
97,159
97,175
97,189
97,196
97,221
97,238
97,260
97,275
97,289
97,311
97,313
97,316
97,328
97,328
97,325
97,324
97,324
97,309
97,304
97,293
97,283
97,284
97,274
97,280
97,278
97,272
97,274
97,267
97,279
97,271
97,266
97,271
97,268
97,266
97,271
97,267
97,267
97,268
97,276
97,266
97,266
97,272
97,265
97,270
97,270
97,265
97,265
97,258
97,260
97,259
97,261
97,256
97,260
97,253
97,251
97,245
97,246
97,244
97,241
97,253
97,247
97,243
97,247
97,232
97,242
97,237
97,242
97,244
97,242
97,234
97,242
97,234
97,229
97,225
97,230
97,226
97,223
97,227
97,225
97,212
97,225
97,217
97,223
97,210
97,220
97,221
97,221
97,213
97,210
97,216
97,215
97,218
97,205
97,214
97,205
97,216
97,214
97,207
97,197
97,207
97,201
97,205
97,201
97,205
97,203
97,199
97,195
97,200
97,196
97,201
97,196
97,202
97,187
97,197
97,197
97,198
97,198
97,186
97,195
97,193
97,190
97,192
97,186
97,180
97,189
97,188
97,182
97,184
97,173
97,174
97,181
97,182
97,188
97,183
97,176
97,174
97,183
97,180
97,178
97,187
97,179
97,173
97,179
97,174
97,166
97,171
97,171
97,175
97,178
97,171
97,168
97,170
97,152
97,165
97,183
97,169
97,167
97,164
97,166
97,159
97,160
97,160
97,165
97,161
97,160
97,153
97,158
97,152
97,160
97,155
97,155
97,154
97,161
97,148
97,155
97,154
97,156
97,154
97,152
97,143
97,142
97,148
97,152
97,146
97,141
97,150
97,144
97,147
97,143
97,146
97,139
97,144
97,144
97,144
97,151
97,148
97,161
97,177
97,189
97,206
97,232
97,243
97,291
97,304
97,310
97,313
97,326
97,335
97,330
97,325
97,336
97,319
97,316
97,312
97,311
97,297
97,290
97,281
97,281
97,284
97,273
97,268
97,267
97,272
97,267
97,278
97,271
97,275
97,276
97,281
97,270
97,274
97,274
97,272
97,277
97,267
97,268
97,271
97,259
97,271
97,271
97,263
97,261
97,270
97,265
97,257
97,267
97,260
97,248
97,253
97,254
97,252
97,250
97,245
97,251
97,249
97,245
97,243
97,244
97,242
97,243
97,242
97,235
97,240
97,243
97,245
97,248
97,230
97,226
97,230
97,233
97,241
97,230
97,223
97,225
97,215
97,219
97,226
97,225
97,224
97,216
97,224
97,219
97,212
97,207
97,213
97,219
97,206
97,206
97,207
97,213
97,214
97,205
97,222
97,210
97,204
97,203
97,205
97,207
97,199
97,205
97,201
97,201
97,207
97,209
97,193
97,201
97,208
97,199
97,189
97,200
97,203
97,196
97,205
97,199
97,194
97,192
97,189
97,193
97,201
97,196
97,199
97,184
97,198
97,187
97,188
97,185
97,182
97,187
97,183
97,183
97,175
97,185
97,178
97,176
97,175
97,169
97,177
97,174
97,178
97,169
97,166
97,172
97,173
97,168
97,170
97,173
97,173
97,166
97,170
97,168
97,175
97,171
97,161
97,167
97,163
97,165
97,164
97,163
97,168
97,164
97,161
97,162
97,160
97,160
97,164
97,163
97,160
97,152
97,162
97,156
97,157
97,160
97,146
97,154
97,153
97,156
97,163
97,150
97,150
97,152
97,148
97,151
97,143
97,151
97,147
97,146
97,149
97,147
97,150
97,154
97,168
97,177
97,193
97,213
97,228
97,258
97,271
97,291
97,297
97,310
97,322
97,328
97,331
97,327
97,331
97,332
97,320
97,326
97,310
97,307
97,306
97,293
97,288
97,290
97,284
97,276
97,274
97,273
97,283
97,275
97,281
97,279
97,273
97,275
97,278
97,275
97,274
97,288
97,273
97,278
97,271
97,270
97,283
97,264
97,276
97,261
97,259
97,267
97,266
97,267
97,248
97,261
97,253
97,266
97,254
97,247
97,251
97,249
97,260
97,258
97,253
97,249
97,255
97,245
97,244
97,243
97,240
97,249
97,242
97,238
97,246
97,235
97,228
97,230
97,237
97,230
97,232
97,230
97,223
97,232
97,228
97,227
97,222
97,222
97,229
97,226
97,221
97,220
97,226
97,218
97,217
97,222
97,225
97,219
97,204
97,207
97,216
97,214
97,210
97,209
97,204
97,208
97,208
97,207
97,201
97,200
97,200
97,210
97,205
97,203
97,195
97,204
97,202
97,200
97,202
97,205
97,194
97,204
97,202
97,193
97,193
97,181
97,195
97,197
97,189
97,195
97,183
97,191
97,191
97,190
97,190
97,185
97,185
97,191
97,184
97,183
97,180
97,183
97,194
97,179
97,178
97,178
97,182
97,184
97,179
97,179
97,178
97,175
97,175
97,181
97,180
97,169
97,175
97,170
97,168
97,174
97,167
97,169
97,174
97,161
97,168
97,177
97,174
97,168
97,160
97,166
97,167
97,167
97,166
97,164
97,160
97,154
97,157
97,166
97,158
97,160
97,162
97,162
97,153
97,153
97,161
97,158
97,149
97,149
97,158
97,148
97,150
97,150
97,151
97,163
97,144
97,147
97,153
97,152
97,157
97,164
97,173
97,180
97,203
97,219
97,242
97,254
97,285
97,302
97,304
97,323
97,334
97,335
97,338
97,338
97,330
97,326
97,318
97,306
97,310
97,298
97,290
97,279
97,292
97,283
97,277
97,280
97,279
97,274
97,275
97,280
97,274
97,279
97,272
97,275
97,278
97,277
97,279
97,273
97,285
97,279
97,282
97,276
97,271
97,267
97,279
97,270
97,266
97,272
97,266
97,260
97,262
97,264
97,269
97,259
97,256
97,255
97,253
97,256
97,256
97,262
97,258
97,250
97,244
97,251
97,254
97,250
97,254
97,244
97,247
97,246
97,232
97,237
97,241
97,235
97,232
97,235
97,241
97,238
97,235
97,234
97,233
97,226
97,220
97,229
97,221
97,220
97,233
97,223
97,224
97,225
97,227
97,206
97,218
97,214
97,215
97,212
97,223
97,203
97,220
97,209
97,213
97,208
97,214
97,204
97,208
97,206
97,211
97,203
97,204
97,204
97,208
97,199
97,194
97,208
97,195
97,202
97,197
97,200
97,194
97,195
97,197
97,197
97,203
97,192
97,195
97,199
97,187
97,190
97,184
97,186
97,189
97,188
97,186
97,196
97,189
97,192
97,185
97,190
97,184
97,183
97,180
97,181
97,186
97,177
97,178
97,177
97,177
97,179
97,176
97,178
97,176
97,173
97,175
97,172
97,169
97,172
97,170
97,173
97,172
97,174
97,167
97,164
97,178
97,169
97,168
97,165
97,161
97,167
97,175
97,166
97,160
97,168
97,157
97,150
97,169
97,162
97,152
97,160
97,160
97,163
97,156
97,160
97,158
97,169
97,157
97,154
97,155
97,161
97,156
97,155
97,148
97,164
97,145
97,151
97,167
97,185
97,183
97,216
97,228
97,246
97,270
97,282
97,302
97,320
97,333
97,337
97,329
97,338
97,339
97,345
97,337
97,314
97,316
97,315
97,317
97,299
97,293
97,290
97,297
97,295
97,283
97,284
97,277
97,275
97,284
97,280
97,280
97,289
97,281
97,281
97,279
97,285
97,278
97,289
97,281
97,284
97,283
97,274
97,276
97,275
97,267
97,267
97,271
97,270
97,266
97,259
97,268
97,254
97,267
97,265
97,259
97,257
97,259
97,262
97,257
97,252
97,259
97,256
97,250
97,248
97,254
97,253
97,248
97,241
97,247
97,240
97,241
97,236
97,236
97,231
97,233
97,236
97,234
97,219
97,232
97,234
97,236
97,231
97,220
97,222
97,221
97,225
97,226
97,222
97,227
97,216
97,214
97,210
97,221
97,228
97,210
97,213
97,214
97,219
97,211
97,212
97,224
97,213
97,205
97,204
97,216
97,204
97,210
97,207
97,211
97,204
97,208
97,201
97,196
97,198
97,199
97,207
97,206
97,206
97,194
97,204
97,193
97,192
97,195
97,201
97,193
97,196
97,196
97,187
97,187
97,184
97,198
97,185
97,190
97,193
97,193
97,182
97,191
97,195
97,192
97,190
97,179
97,192
97,181
97,179
97,187
97,178
97,174
97,178
97,181
97,175
97,174
97,178
97,180
97,187
97,176
97,171
97,169
97,177
97,174
97,172
97,175
97,165
97,171
97,167
97,174
97,166
97,162
97,173
97,174
97,168
97,162
97,163
97,171
97,160
97,153
97,160
97,159
97,159
97,156
97,153
97,159
97,166
97,156
97,154
97,165
97,155
97,147
97,163
97,149
97,153
97,157
97,157
97,152
97,159
97,176
97,181
97,201
97,217
97,240
97,256
97,271
97,288
97,315
97,320
97,326
97,335
97,341
97,334
97,341
97,326
97,323
97,318
97,315
97,310
97,293
97,296
97,296
97,292
97,286
97,283
97,274
97,272
97,278
97,278
97,283
97,280
97,282
97,283
97,280
97,276
97,278
97,290
97,278
97,279
97,283
97,286
97,278
97,273
97,282
97,276
97,265
97,269
97,266
97,275
97,256
97,266
97,274
97,258
97,262
97,258
97,262
97,246
97,262
97,259
97,256
97,251
97,260
97,259
97,252
97,249
97,246
97,244
97,250
97,247
97,241
97,238
97,239
97,231
97,232
97,231
97,232
97,237
97,230
97,227
97,234
97,229
97,222
97,234
97,234
97,229
97,217
97,234
97,224
97,220
97,217
97,222
97,210
97,225
97,224
97,223
97,214
97,216
97,214
97,218
97,215
97,216
97,214
97,220
97,213
97,207
97,206
97,205
97,213
97,210
97,208
97,215
97,206
97,197
97,198
97,206
97,209
97,200
97,198
97,199
97,207
97,194
97,188
97,190
97,194
97,183
97,192
97,197
97,185
97,180
97,186
97,194
97,191
97,196
97,184
97,182
97,191
97,186
97,190
97,179
97,187
97,180
97,186
97,181
97,184
97,183
97,184
97,181
97,175
97,177
97,177
97,173
97,176
97,171
97,175
97,171
97,179
97,171
97,177
97,164
97,174
97,168
97,169
97,166
97,163
97,170
97,161
97,170
97,157
97,171
97,166
97,166
97,161
97,166
97,154
97,156
97,160
97,157
97,157
97,150
97,155
97,157
97,152
97,161
97,162
97,159
97,158
97,157
97,156
97,154
97,156
97,155
97,153
97,156
97,153
97,166
97,171
97,203
97,225
97,239
97,260
97,277
97,295
97,315
97,314
97,327
97,332
97,339
97,336
97,338
97,342
97,333
97,325
97,306
97,305
97,307
97,302
97,294
97,293
97,289
97,287
97,281
97,285
97,282
97,281
97,284
97,292
97,269
97,285
97,282
97,282
97,286
97,290
97,266
97,288
97,285
97,279
97,279
97,275
97,272
97,271
97,272
97,277
97,273
97,267
97,280
97,269
97,265
97,266
97,256
97,262
97,262
97,260
97,256
97,256
97,261
97,256
97,246
97,248
97,251
97,250
97,246
97,250
97,246
97,247
97,238
97,249
97,237
97,239
97,238
97,239
97,238
97,236
97,242
97,238
97,238
97,233
97,233
97,224
97,232
97,225
97,223
97,220
97,229
97,222
97,223
97,218
97,220
97,216
97,221
97,219
97,210
97,213
97,210
97,219
97,209
97,213
97,217
97,212
97,217
97,205
97,209
97,209
97,214
97,199
97,209
97,201
97,210
97,213
97,204
97,196
97,206
97,199
97,209
97,202
97,193
97,197
97,203
97,192
97,196
97,194
97,191
97,199
97,197
97,190
97,198
97,188
97,191
97,189
97,186
97,189
97,189
97,188
97,176
97,186
97,180
97,188
97,173
97,180
97,180
97,192
97,179
97,184
97,174
97,178
97,180
97,183
97,176
97,170
97,178
97,167
97,166
97,176
97,178
97,167
97,175
97,172
97,185
97,170
97,170
97,164
97,170
97,167
97,171
97,167
97,169
97,163
97,171
97,163
97,168
97,170
97,172
97,168
97,150
97,169
97,160
97,166
97,159
97,162
97,157
97,167
97,162
97,159
97,155
97,159
97,150
97,154
97,153
97,156
97,159
97,165
97,176
97,192
97,217
97,223
97,247
97,257
97,281
97,307
97,309
97,324
97,330
97,333
97,341
97,344
97,339
97,326
97,327
97,318
97,316
97,301
97,298
97,293
97,290
97,290
97,282
97,284
97,282
97,285
97,278
97,282
97,280
97,284
97,281
97,290
97,287
97,285
97,291
97,281
97,279
97,287
97,281
97,283
97,269
97,294
97,270
97,284
97,278
97,274
97,260
97,269
97,278
97,271
97,264
97,260
97,255
97,265
97,261
97,260
97,260
97,265
97,252
97,247
97,246
97,248
97,255
97,254
97,257
97,256
97,245
97,243
97,242
97,235
97,237
97,243
97,239
97,234
97,225
97,237
97,236
97,233
97,237
97,236
97,237
97,228
97,220
97,239
97,230
97,222
97,222
97,224
97,228
97,222
97,211
97,226
97,212
97,222
97,221
97,220
97,218
97,220
97,217
97,213
97,209
97,219
97,210
97,208
97,209
97,207
97,211
97,209
97,214
97,208
97,212
97,197
97,208
97,202
97,202
97,206
97,200
97,199
97,205
97,200
97,204
97,204
97,197
97,196
97,187
97,198
97,193
97,194
97,189
97,193
97,190
97,187
97,191
97,191
97,198
97,188
97,181
97,187
97,184
97,187
97,186
97,184
97,184
97,175
97,191
97,183
97,178
97,178
97,175
97,183
97,174
97,178
97,175
97,174
97,174
97,169
97,168
97,164
97,178
97,170
97,165
97,172
97,173
97,165
97,174
97,161
97,165
97,163
97,170
97,171
97,171
97,167
97,166
97,156
97,163
97,170
97,168
97,162
97,159
97,161
97,156
97,155
97,161
97,169
97,156
97,157
97,153
97,152
97,153
97,150
97,154
97,159
97,165
97,170
97,173
97,187
97,208
97,227
97,247
97,284
97,302
97,315
97,322
97,338
97,338
97,331
97,341
97,341
97,339
97,331
97,318
97,316
97,312
97,301
97,303
97,293
97,286
97,279
97,284
97,288
97,279
97,282
97,282
97,291
97,272
97,293
97,285
97,279
97,291
97,278
97,285
97,286
97,290
97,286
97,280
97,281
97,280
97,276
97,269
97,278
97,270
97,264
97,264
97,259
97,265
97,263
97,257
97,267
97,267
97,258
97,266
97,257
97,256
97,251
97,253
97,257
97,252
97,251
97,259
97,247
97,255
97,242
97,246
97,246
97,236
97,242
97,243
97,246
97,239
97,233
97,239
97,235
97,238
97,234
97,228
97,234
97,227
97,223
97,223
97,228
97,226
97,238
97,214
97,222
97,229
97,223
97,235
97,219
97,223
97,222
97,212
97,221
97,215
97,219
97,215
97,213
97,209
97,206
97,210
97,210
97,217
97,209
97,210
97,206
97,211
97,204
97,204
97,211
97,203
97,197
97,200
97,195
97,204
97,205
97,201
97,196
97,198
97,198
97,196
97,210
97,191
97,188
97,198
97,201
97,193
97,192
97,196
97,186
97,184
97,189
97,191
97,184
97,186
97,182
97,184
97,188
97,186
97,185
97,184
97,187
97,177
97,183
97,178
97,172
97,184
97,183
97,182
97,182
97,179
97,174
97,172
97,171
97,176
97,177
97,180
97,170
97,172
97,169
97,177
97,168
97,169
97,172
97,163
97,167
97,159
97,165
97,166
97,166
97,167
97,164
97,165
97,163
97,168
97,169
97,154
97,167
97,157
97,167
97,166
97,164
97,161
97,154
97,153
97,154
97,161
97,157
97,161
97,161
97,164
97,184
97,204
97,218
97,234
97,255
97,267
97,283
97,314
97,327
97,325
97,336
97,340
97,343
97,336
97,337
97,334
97,324
97,318
97,323
97,310
97,298
97,302
97,282
97,288
97,282
97,279
97,290
97,279
97,288
97,278
97,286
97,284
97,286
97,283
97,293
97,278
97,289
97,282
97,281
97,280
97,269
97,280
97,285
97,270
97,272
97,271
97,276
97,270
97,261
97,260
97,268
97,267
97,270
97,271
97,259
97,264
97,263
97,256
97,254
97,257
97,247
97,261
97,255
97,258
97,248
97,254
97,249
97,254
97,244
97,251
97,243
97,243
97,244
97,238
97,229
97,235
97,241
97,240
97,230
97,233
97,232
97,234
97,220
97,227
97,232
97,231
97,226
97,221
97,227
97,223
97,232
97,228
97,218
97,225
97,216
97,213
97,223
97,210
97,218
97,208
97,212
97,215
97,211
97,215
97,206
97,211
97,212
97,210
97,212
97,211
97,206
97,206
97,206
97,208
97,200
97,208
97,196
97,194
97,199
97,206
97,206
97,196
97,213
97,200
97,199
97,202
97,199
97,192
97,197
97,194
97,191
97,194
97,191
97,191
97,192
97,195
97,193
97,185
97,185
97,183
97,186
97,190
97,200
97,192
97,178
97,184
97,187
97,181
97,182
97,180
97,172
97,178
97,174
97,175
97,175
97,177
97,165
97,174
97,171
97,172
97,177
97,168
97,172
97,173
97,170
97,166
97,174
97,162
97,172
97,170
97,173
97,164
97,168
97,167
97,162
97,168
97,169
97,170
97,162
97,167
97,167
97,164
97,165
97,166
97,162
97,167
97,164
97,163
97,154
97,163
97,151
97,153
97,157
97,158
97,167
97,176
97,182
97,209
97,224
97,239
97,261
97,276
97,290
97,313
97,336
97,337
97,345
97,338
97,329
97,331
97,323
97,325
97,314
97,309
97,317
97,300
97,302
97,290
97,280
97,288
97,293
97,282
97,285
97,284
97,285
97,279
97,281
97,281
97,285
97,286
97,283
97,296
97,285
97,285
97,290
97,291
97,276
97,277
97,285
97,272
97,280
97,274
97,268
97,265
97,269
97,277
97,263
97,262
97,259
97,268
97,263
97,266
97,260
97,248
97,254
97,261
97,263
97,255
97,262
97,256
97,252
97,247
97,257
97,249
97,248
97,235
97,238
97,237
97,235
97,240
97,239
97,236
97,246
97,233
97,238
97,232
97,238
97,228
97,236
97,228
97,218
97,236
97,223
97,231
97,226
97,224
97,221
97,222
97,227
97,227
97,220
97,218
97,225
97,214
97,213
97,218
97,217
97,215
97,217
97,216
97,212
97,201
97,209
97,211
97,208
97,205
97,217
97,202
97,205
97,207
97,195
97,199
97,204
97,208
97,210
97,199
97,204
97,201
97,192
97,194
97,199
97,193
97,200
97,198
97,199
97,198
97,201
97,200
97,196
97,187
97,193
97,188
97,191
97,188
97,188
97,182
97,185
97,180
97,179
97,177
97,187
97,179
97,183
97,179
97,182
97,177
97,174
97,182
97,184
97,178
97,180
97,183
97,176
97,179
97,170
97,176
97,164
97,171
97,176
97,184
97,176
97,165
97,167
97,165
97,169
97,166
97,167
97,171
97,165
97,170
97,171
97,166
97,166
97,164
97,162
97,167
97,163
97,151
97,158
97,164
97,157
97,159
97,152
97,163
97,159
97,149
97,164
97,169
97,161
97,161
97,178
97,191
97,208
97,227
97,240
97,258
97,283
97,302
97,325
97,331
97,325
97,340
97,352
97,336
97,343
97,333
97,334
97,323
97,318
97,315
97,308
97,308
97,309
97,294
97,289
97,290
97,277
97,284
97,291
97,279
97,275
97,289
97,292
97,288
97,287
97,284
97,289
97,287
97,276
97,290
97,281
97,277
97,278
97,283
97,283
97,266
97,275
97,273
97,269
97,272
97,271
97,264
97,267
97,271
97,266
97,263
97,263
97,260
97,253
97,254
97,261
97,264
97,255
97,253
97,263
97,258
97,249
97,250
97,250
97,242
97,248
97,242
97,250
97,250
97,239
97,251
97,242
97,242
97,233
97,225
97,234
97,232
97,235
97,235
97,229
97,225
97,230
97,234
97,218
97,222
97,226
97,229
97,226
97,222
97,211
97,216
97,216
97,217
97,221
97,224
97,216
97,218
97,218
97,219
97,208
97,217
97,210
97,218
97,212
97,205
97,206
97,213
97,199
97,218
97,202
97,211
97,211
97,200
97,206
97,196
97,210
97,204
97,206
97,205
97,196
97,201
97,198
97,200
97,192
97,194
97,191
97,198
97,191
97,193
97,194
97,196
97,191
97,185
97,186
97,188
97,182
97,183
97,183
97,188
97,186
97,184
97,179
97,192
97,185
97,189
97,170
97,182
97,180
97,185
97,175
97,175
97,172
97,175
97,173
97,176
97,179
97,182
97,186
97,177
97,173
97,179
97,167
97,173
97,168
97,176
97,166
97,173
97,164
97,157
97,165
97,167
97,169
97,168
97,165
97,160
97,163
97,158
97,154
97,162
97,165
97,168
97,159
97,152
97,162
97,150
97,172
97,153
97,155
97,157
97,163
97,165
97,181
97,203
97,215
97,235
97,247
97,275
97,287
97,305
97,322
97,326
97,342
97,348
97,345
97,336
97,342
97,342
97,327
97,319
97,318
97,316
97,310
97,293
97,292
97,290
97,288
97,290
97,281
97,281
97,293
97,287
97,287
97,288
97,286
97,285
97,284
97,285
97,286
97,292
97,282
97,282
97,283
97,274
97,275
97,275
97,281
97,283
97,273
97,276
97,269
97,274
97,265
97,266
97,272
97,261
97,259
97,269
97,264
97,260
97,263
97,256
97,255
97,262
97,246
97,259
97,250
97,259
97,257
97,247
97,254
97,246
97,250
97,246
97,250
97,240
97,244
97,252
97,237
97,235
97,231
97,232
97,233
97,232
97,239
97,236
97,232
97,235
97,235
97,226
97,241
97,225
97,225
97,218
97,231
97,229
97,228
97,224
97,224
97,234
97,216
97,219
97,217
97,214
97,219
97,214
97,216
97,224
97,216
97,203
97,215
97,207
97,212
97,213
97,207
97,206
97,206
97,205
97,205
97,209
97,204
97,208
97,197
97,212
97,210
97,201
97,196
97,199
97,203
97,195
97,191
97,190
97,188
97,193
97,190
97,194
97,191
97,197
97,182
97,194
97,186
97,195
97,188
97,191
97,180
97,186
97,194
97,185
97,186
97,186
97,184
97,189
97,186
97,187
97,186
97,186
97,187
97,188
97,179
97,173
97,186
97,178
97,172
97,175
97,175
97,167
97,172
97,174
97,173
97,178
97,174
97,171
97,166
97,164
97,160
97,173
97,161
97,169
97,157
97,165
97,172
97,176
97,169
97,163
97,163
97,162
97,165
97,163
97,164
97,166
97,164
97,165
97,162
97,165
97,158
97,161
97,165
97,172
97,183
97,218
97,243
97,257
97,285
97,289
97,306
97,315
97,330
97,335
97,347
97,343
97,343
97,336
97,334
97,328
97,320
97,317
97,301
97,315
97,305
97,291
97,287
97,283
97,292
97,292
97,285
97,282
97,289
97,293
97,292
97,289
97,288
97,285
97,288
97,285
97,285
97,284
97,286
97,286
97,275
97,293
97,278
97,275
97,277
97,281
97,274
97,266
97,275
97,273
97,266
97,266
97,268
97,261
97,262
97,268
97,265
97,258
97,261
97,265
97,265
97,255
97,262
97,254
97,259
97,252
97,254
97,242
97,242
97,241
97,249
97,242
97,242
97,241
97,235
97,243
97,250
97,243
97,236
97,229
97,229
97,233
97,235
97,241
97,227
97,231
97,221
97,220
97,230
97,228
97,225
97,227
97,224
97,227
97,228
97,231
97,222
97,224
97,222
97,222
97,225
97,210
97,217
97,218
97,218
97,214
97,216
97,203
97,216
97,216
97,220
97,202
97,216
97,211
97,198
97,223
97,207
97,205
97,206
97,208
97,209
97,202
97,205
97,204
97,202
97,199
97,199
97,202
97,193
97,195
97,193
97,186
97,194
97,190
97,191
97,186
97,189
97,186
97,197
97,191
97,200
97,186
97,186
97,185
97,181
97,181
97,196
97,186
97,183
97,177
97,190
97,180
97,175
97,186
97,181
97,180
97,181
97,180
97,179
97,181
97,180
97,169
97,175
97,172
97,172
97,173
97,165
97,166
97,176
97,173
97,172
97,169
97,167
97,157
97,163
97,174
97,159
97,164
97,166
97,169
97,170
97,169
97,172
97,153
97,162
97,160
97,162
97,164
97,158
97,159
97,166
97,151
97,158
97,160
97,180
97,187
97,209
97,215
97,243
97,269
97,274
97,292
97,307
97,322
97,334
97,339
97,350
97,344
97,346
97,342
97,338
97,328
97,317
97,315
97,308
97,294
97,296
97,306
97,295
97,284
97,291
97,286
97,283
97,291
97,286
97,294
97,288
97,286
97,285
97,283
97,283
97,286
97,286
97,291
97,291
97,281
97,288
97,272
97,278
97,281
97,277
97,279
97,272
97,272
97,273
97,269
97,266
97,271
97,270
97,261
97,265
97,263
97,263
97,256
97,254
97,258
97,263
97,259
97,258
97,257
97,262
97,248
97,244
97,247
97,254
97,241
97,237
97,243
97,240
97,246
97,247
97,236
97,237
97,240
97,242
97,227
97,234
97,237
97,228
97,240
97,231
97,234
97,234
97,224
97,221
97,222
97,216
97,225
97,218
97,223
97,231
97,221
97,231
97,224
97,222
97,207
97,219
97,219
97,215
97,214
97,211
97,211
97,210
97,217
97,211
97,209
97,215
97,212
97,202
97,200
97,214
97,200
97,208
97,209
97,206
97,195
97,201
97,197
97,202
97,200
97,190
97,207
97,200
97,202
97,197
97,201
97,196
97,194
97,199
97,195
97,202
97,196
97,195
97,188
97,189
97,181
97,185
97,186
97,181
97,192
97,181
97,187
97,186
97,182
97,181
97,180
97,181
97,186
97,187
97,174
97,180
97,173
97,175
97,183
97,177
97,176
97,172
97,181
97,171
97,173
97,170
97,179
97,169
97,178
97,181
97,164
97,173
97,168
97,167
97,173
97,151
97,165
97,163
97,168
97,162
97,164
97,169
97,159
97,168
97,162
97,154
97,153
97,168
97,161
97,152
97,147
97,166
97,161
97,161
97,165
97,182
97,190
97,212
97,228
97,243
97,265
97,281
97,298
97,313
97,332
97,345
97,353
97,338
97,344
97,337
97,332
97,318
97,322
97,311
97,310
97,310
97,297
97,289
97,277
97,286
97,286
97,285
97,288
97,274
97,284
97,276
97,290
97,286
97,287
97,281
97,289
97,292
97,285
97,287
97,286
97,282
97,280
97,270
97,284
97,286
97,272
97,277
97,270
97,265
97,262
97,264
97,281
97,268
97,275
97,267
97,255
97,270
97,262
97,265
97,264
97,261
97,266
97,259
97,260
97,255
97,249
97,248
97,253
97,249
97,245
97,247
97,243
97,257
97,250
97,244
97,236
97,232
97,240
97,233
97,239
97,229
97,237
97,230
97,231
97,233
97,244
97,234
97,229
97,227
97,227
97,227
97,227
97,229
97,222
97,221
97,228
97,227
97,220
97,223
97,225
97,214
97,217
97,216
97,210
97,218
97,218
97,208
97,214
97,211
97,206
97,207
97,212
97,211
97,209
97,198
97,218
97,211
97,202
97,212
97,200
97,195
97,201
97,206
97,205
97,206
97,200
97,201
97,205
97,197
97,197
97,196
97,200
97,188
97,191
97,194
97,190
97,203
97,192
97,189
97,187
97,191
97,180
97,188
97,187
97,187
97,186
97,189
97,185
97,179
97,178
97,184
97,182
97,180
97,177
97,184
97,178
97,181
97,182
97,173
97,172
97,176
97,176
97,181
97,181
97,173
97,176
97,173
97,169
97,171
97,175
97,179
97,174
97,178
97,177
97,162
97,174
97,166
97,165
97,169
97,160
97,161
97,166
97,164
97,166
97,166
97,164
97,163
97,163
97,161
97,157
97,159
97,165
97,167
97,159
97,166
97,174
97,203
97,212
97,229
97,254
97,269
97,290
97,309
97,313
97,324
97,330
97,338
97,343
97,342
97,334
97,331
97,325
97,326
97,322
97,316
97,317
97,299
97,301
97,294
97,296
97,288
97,286
97,291
97,281
97,280
97,287
97,289
97,288
97,287
97,292
97,279
97,286
97,291
97,285
97,285
97,289
97,284
97,278
97,285
97,277
97,280
97,268
97,273
97,272
97,274
97,267
97,271
97,268
97,263
97,274
97,269
97,262
97,256
97,262
97,266
97,247
97,257
97,260
97,260
97,256
97,257
97,254
97,249
97,247
97,242
97,243
97,243
97,239
97,253
97,249
97,241
97,241
97,242
97,242
97,236
97,234
97,244
97,239
97,235
97,234
97,233
97,237
97,239
97,236
97,236
97,221
97,232
97,226
97,227
97,225
97,225
97,224
97,231
97,221
97,225
97,226
97,221
97,224
97,214
97,222
97,209
97,212
97,216
97,214
97,214
97,209
97,210
97,213
97,209
97,214
97,212
97,205
97,208
97,204
97,210
97,206
97,203
97,202
97,206
97,200
97,207
97,208
97,192
97,196
97,199
97,190
97,198
97,198
97,190
97,195
97,195
97,196
97,183
97,201
97,192
97,186
97,188
97,188
97,194
97,191
97,182
97,192
97,185
97,176
97,187
97,180
97,188
97,180
97,186
97,188
97,177
97,178
97,175
97,174
97,178
97,173
97,184
97,170
97,177
97,174
97,163
97,164
97,174
97,173
97,178
97,172
97,174
97,173
97,173
97,167
97,168
97,169
97,168
97,167
97,155
97,170
97,169
97,163
97,170
97,163
97,158
97,166
97,169
97,163
97,153
97,170
97,164
97,160
97,157
97,162
97,179
97,182
97,205
97,222
97,236
97,254
97,278
97,299
97,321
97,325
97,333
97,332
97,343
97,354
97,340
97,338
97,338
97,327
97,309
97,306
97,295
97,299
97,297
97,295
97,286
97,292
97,286
97,290
97,295
97,285
97,290
97,291
97,284
97,283
97,289
97,287
97,294
97,292
97,288
97,287
97,278
97,282
97,275
97,285
97,281
97,280
97,270
97,276
97,270
97,269
97,269
97,273
97,267
97,272
97,272
97,278
97,267
97,272
97,267
97,263
97,262
97,262
97,267
97,257
97,262
97,263
97,245
97,244
97,243
97,240
97,251
97,243
97,242
97,251
97,239
97,233
97,246
97,248
97,238
97,239
97,232
97,238
97,235
97,232
97,237
97,231
97,235
97,228
97,235
97,232
97,226
97,230
97,233
97,219
97,228
97,218
97,225
97,224
97,228
97,216
97,227
97,221
97,215
97,220
97,214
97,219
97,219
97,212
97,211
97,213
97,209
97,207
97,220
97,209
97,213
97,205
97,203
97,211
97,204
97,210
97,207
97,202
97,205
97,208
97,199
97,208
97,205
97,190
97,197
97,202
97,198
97,198
97,196
97,197
97,192
97,193
97,195
97,196
97,187
97,185
97,197
97,184
97,187
97,184
97,194
97,186
97,181
97,182
97,180
97,186
97,188
97,177
97,176
97,187
97,178
97,174
97,175
97,191
97,175
97,173
97,172
97,179
97,182
97,179
97,176
97,166
97,172
97,174
97,175
97,173
97,173
97,172
97,172
97,172
97,175
97,169
97,167
97,169
97,169
97,164
97,160
97,164
97,168
97,172
97,165
97,170
97,156
97,150
97,155
97,158
97,166
97,159
97,164
97,154
97,170
97,173
97,171
97,180
97,208
97,230
97,238
97,270
97,300
97,314
97,325
97,340
97,341
97,347
97,342
97,346
97,344
97,329
97,325
97,327
97,317
97,308
97,306
97,295
97,296
97,300
97,290
97,292
97,293
97,291
97,290
97,285
97,291
97,284
97,285
97,292
97,290
97,286
97,292
97,289
97,288
97,286
97,288
97,281
97,288
97,281
97,284
97,280
97,275
97,269
97,277
97,283
97,263
97,271
97,266
97,268
97,263
97,262
97,262
97,253
97,260
97,263
97,261
97,258
97,255
97,255
97,252
97,252
97,255
97,246
97,255
97,238
97,253
97,250
97,246
97,243
97,245
97,251
97,237
97,243
97,245
97,237
97,240
97,238
97,239
97,232
97,232
97,238
97,230
97,235
97,226
97,228
97,222
97,224
97,227
97,228
97,230
97,223
97,222
97,218
97,225
97,219
97,220
97,220
97,212
97,217
97,221
97,218
97,221
97,214
97,228
97,218
97,217
97,213
97,204
97,203
97,203
97,200
97,211
97,205
97,203
97,211
97,208
97,197
97,204
97,205
97,195
97,206
97,200
97,201
97,198
97,198
97,199
97,195
97,198
97,203
97,193
97,197
97,196
97,196
97,184
97,189
97,199
97,184
97,198
97,188
97,189
97,191
97,175
97,179
97,194
97,189
97,186
97,180
97,188
97,176
97,181
97,187
97,186
97,180
97,183
97,179
97,177
97,176
97,183
97,175
97,176
97,176
97,168
97,170
97,185
97,176
97,162
97,172
97,170
97,169
97,168
97,177
97,166
97,166
97,168
97,163
97,161
97,162
97,170
97,160
97,157
97,170
97,163
97,163
97,157
97,160
97,169
97,160
97,164
97,162
97,171
97,180
97,189
97,210
97,216
97,250
97,274
97,293
97,305
97,318
97,332
97,341
97,341
97,344
97,344
97,339
97,342
97,335
97,322
97,313
97,321
97,313
97,301
97,292
97,292
97,284
97,291
97,288
97,283
97,283
97,281
97,294
97,286
97,286
97,282
97,289
97,284
97,285
97,286
97,282
97,287
97,291
97,284
97,281
97,288
97,277
97,279
97,276
97,275
97,270
97,274
97,264
97,276
97,268
97,269
97,267
97,259
97,269
97,264
97,269
97,259
97,255
97,264
97,263
97,258
97,256
97,248
97,255
97,254
97,250
97,245
97,249
97,235
97,251
97,242
97,249
97,249
97,239
97,243
97,240
97,234
97,238
97,238
97,236
97,236
97,243
97,235
97,232
97,235
97,228
97,228
97,218
97,221
97,218
97,226
97,228
97,218
97,229
97,221
97,228
97,228
97,223
97,221
97,218
97,221
97,216
97,214
97,220
97,217
97,211
97,222
97,214
97,211
97,208
97,214
97,212
97,209
97,212
97,208
97,208
97,196
97,205
97,201
97,213
97,202
97,198
97,204
97,200
97,200
97,205
97,199
97,196
97,195
97,190
97,185
97,186
97,189
97,199
97,199
97,195
97,190
97,188
97,192
97,189
97,187
97,189
97,185
97,193
97,187
97,191
97,191
97,193
97,182
97,182
97,177
97,181
97,180
97,175
97,181
97,173
97,185
97,168
97,175
97,178
97,180
97,193
97,178
97,181
97,170
97,170
97,179
97,167
97,175
97,168
97,169
97,169
97,169
97,172
97,166
97,168
97,166
97,162
97,165
97,173
97,170
97,164
97,163
97,163
97,163
97,160
97,159
97,165
97,163
97,156
97,160
97,163
97,167
97,183
97,208
97,208
97,245
97,260
97,275
97,293
97,319
97,317
97,320
97,334
97,347
97,340
97,334
97,335
97,330
97,315
97,316
97,308
97,311
97,312
97,299
97,305
97,291
97,295
97,290
97,287
97,297
97,288
97,288
97,286
97,283
97,289
97,284
97,289
97,290
97,283
97,285
97,288
97,286
97,289
97,283
97,280
97,278
97,273
97,279
97,277
97,277
97,270
97,279
97,270
97,269
97,267
97,263
97,269
97,262
97,265
97,265
97,256
97,264
97,263
97,256
97,259
97,262
97,255
97,251
97,248
97,244
97,245
97,246
97,242
97,240
97,246
97,238
97,247
97,236
97,239
97,240
97,236
97,239
97,242
97,233
97,234
97,230
97,236
97,227
97,236
97,235
97,230
97,218
97,224
97,226
97,233
97,226
97,227
97,230
97,221
97,219
97,221
97,226
97,223
97,219
97,221
97,221
97,214
97,218
97,212
97,222
97,213
97,216
97,212
97,211
97,205
97,215
97,215
97,208
97,211
97,204
97,207
97,204
97,203
97,205
97,204
97,203
97,199
97,198
97,194
97,196
97,198
97,202
97,199
97,198
97,196
97,187
97,196
97,189
97,189
97,193
97,197
97,189
97,197
97,183
97,200
97,191
97,193
97,182
97,183
97,185
97,179
97,184
97,187
97,185
97,180
97,179
97,176
97,184
97,169
97,177
97,177
97,174
97,174
97,186
97,176
97,185
97,181
97,179
97,175
97,168
97,179
97,171
97,168
97,170
97,177
97,160
97,174
97,166
97,174
97,168
97,163
97,170
97,168
97,171
97,159
97,168
97,164
97,165
97,163
97,168
97,158
97,157
97,164
97,163
97,162
97,160
97,169
97,168
97,198
97,206
97,236
97,273
97,288
97,298
97,315
97,315
97,329
97,350
97,342
97,350
97,353
97,346
97,336
97,326
97,324
97,321
97,310
97,303
97,305
97,299
97,297
97,290
97,294
97,294
97,283
97,283
97,290
97,295
97,294
97,290
97,289
97,288
97,292
97,295
97,288
97,279
97,287
97,282
97,281
97,290
97,283
97,272
97,284
97,279
97,279
97,276
97,270
97,275
97,277
97,269
97,262
97,269
97,268
97,259
97,268
97,266
97,260
97,256
97,254
97,251
97,260
97,248
97,255
97,252
97,250
97,246
97,242
97,246
97,244
97,242
97,249
97,252
97,241
97,238
97,243
97,243
97,244
97,238
97,227
97,238
97,238
97,234
97,232
97,232
97,233
97,226
97,234
97,224
97,226
97,224
97,230
97,224
97,221
97,231
97,218
97,226
97,224
97,224
97,224
97,223
97,218
97,210
97,218
97,215
97,212
97,215
97,213
97,211
97,206
97,213
97,219
97,212
97,205
97,214
97,216
97,214
97,215
97,204
97,207
97,207
97,202
97,205
97,196
97,208
97,199
97,197
97,199
97,194
97,195
97,201
97,196
97,198
97,194
97,187
97,190
97,195
97,197
97,194
97,193
97,190
97,188
97,186
97,191
97,185
97,186
97,180
97,185
97,183
97,183
97,184
97,193
97,173
97,172
97,182
97,182
97,184
97,175
97,185
97,174
97,171
97,177
97,169
97,179
97,171
97,177
97,176
97,164
97,175
97,166
97,173
97,172
97,172
97,162
97,172
97,170
97,166
97,180
97,168
97,160
97,167
97,166
97,158
97,158
97,176
97,159
97,168
97,170
97,161
97,159
97,158
97,168
97,156
97,186
97,195
97,204
97,228
97,240
97,264
97,280
97,297
97,328
97,327
97,334
97,341
97,342
97,342
97,340
97,336
97,332
97,320
97,318
97,312
97,315
97,306
97,294
97,294
97,292
97,295
97,289
97,284
97,288
97,285
97,291
97,298
97,289
97,301
97,301
97,289
97,283
97,287
97,298
97,286
97,284
97,280
97,287
97,281
97,285
97,279
97,279
97,279
97,274
97,268
97,271
97,278
97,262
97,262
97,265
97,264
97,264
97,267
97,263
97,265
97,257
97,258
97,261
97,264
97,261
97,253
97,244
97,251
97,253
97,248
97,244
97,248
97,245
97,243
97,246
97,242
97,239
97,241
97,244
97,239
97,240
97,250
97,244
97,240
97,239
97,232
97,232
97,231
97,230
97,226
97,228
97,232
97,227
97,241
97,219
97,230
97,222
97,228
97,222
97,222
97,216
97,220
97,216
97,211
97,229
97,211
97,211
97,216
97,221
97,215
97,219
97,215
97,209
97,205
97,208
97,203
97,214
97,208
97,209
97,211
97,204
97,197
97,204
97,207
97,196
97,195
97,202
97,197
97,200
97,202
97,206
97,199
97,198
97,198
97,201
97,195
97,182
97,186
97,199
97,192
97,186
97,189
97,189
97,198
97,186
97,183
97,193
97,183
97,184
97,185
97,193
97,194
97,177
97,186
97,181
97,181
97,180
97,176
97,182
97,181
97,176
97,180
97,176
97,174
97,177
97,178
97,179
97,170
97,169
97,170
97,180
97,163
97,172
97,181
97,170
97,168
97,165
97,167
97,170
97,168
97,162
97,159
97,165
97,176
97,161
97,157
97,163
97,170
97,158
97,170
97,162
97,165
97,164
97,165
97,162
97,174
97,190
97,196
97,213
97,231
97,251
97,273
97,295
97,300
97,311
97,325
97,337
97,339
97,338
97,347
97,340
97,337
97,329
97,328
97,310
97,312
97,306
97,302
97,307
97,295
97,289
97,272
97,287
97,284
97,299
97,289
97,285
97,284
97,286
97,296
97,290
97,286
97,292
97,294
97,289
97,293
97,285
97,278
97,284
97,278
97,282
97,273
97,278
97,281
97,284
97,272
97,269
97,266
97,276
97,267
97,266
97,267
97,258
97,254
97,275
97,262
97,262
97,260
97,257
97,249
97,261
97,251
97,256
97,259
97,245
97,256
97,241
97,252
97,237
97,249
97,235
97,248
97,242
97,247
97,238
97,243
97,239
97,239
97,230
97,232
97,233
97,228
97,232
97,234
97,227
97,229
97,232
97,229
97,228
97,228
97,224
97,219
97,231
97,228
97,220
97,224
97,223
97,212
97,214
97,219
97,220
97,212
97,213
97,213
97,220
97,214
97,218
97,222
97,203
97,215
97,212
97,211
97,208
97,210
97,213
97,211
97,211
97,198
97,207
97,201
97,191
97,213
97,200
97,196
97,208
97,201
97,189
97,199
97,195
97,203
97,199
97,197
97,200
97,198
97,190
97,188
97,189
97,193
97,192
97,183
97,188
97,196
97,188
97,189
97,183
97,185
97,188
97,181
97,182
97,185
97,188
97,189
97,180
97,175
97,178
97,174
97,175
97,166
97,173
97,173
97,178
97,180
97,172
97,181
97,173
97,168
97,175
97,173
97,170
97,168
97,179
97,180
97,168
97,169
97,161
97,171
97,181
97,162
97,172
97,176
97,171
97,158
97,161
97,169
97,160
97,162
97,162
97,159
97,168
97,159
97,179
97,182
97,206
97,211
97,231
97,257
97,281
97,297
97,316
97,322
97,336
97,334
97,347
97,343
97,340
97,336
97,335
97,323
97,336
97,315
97,306
97,308
97,305
97,313
97,296
97,290
97,300
97,292
97,292
97,290
97,290
97,288
97,286
97,293
97,288
97,290
97,293
97,294
97,293
97,285
97,296
97,284
97,283
97,287
97,275
97,278
97,280
97,278
97,280
97,276
97,266
97,263
97,264
97,269
97,271
97,272
97,268
97,269
97,264
97,264
97,268
97,265
97,256
97,263
97,263
97,253
97,254
97,252
97,245
97,249
97,248
97,255
97,247
97,249
97,243
97,247
97,244
97,249
97,243
97,237
97,241
97,234
97,242
97,229
97,230
97,225
97,238
97,227
97,236
97,233
97,236
97,227
97,225
97,229
97,235
97,232
97,222
97,230
97,227
97,233
97,221
97,220
97,226
97,223
97,220
97,216
97,226
97,226
97,214
97,216
97,213
97,215
97,211
97,207
97,208
97,208
97,215
97,213
97,200
97,201
97,204
97,205
97,209
97,219
97,207
97,201
97,201
97,195
97,207
97,210
97,202
97,185
97,195
97,193
97,199
97,196
97,203
97,193
97,198
97,192
97,192
97,189
97,187
97,190
97,187
97,195
97,185
97,196
97,189
97,187
97,182
97,190
97,190
97,182
97,177
97,187
97,187
97,184
97,173
97,177
97,174
97,178
97,177
97,183
97,177
97,178
97,176
97,181
97,174
97,175
97,176
97,173
97,179
97,181
97,165
97,168
97,177
97,164
97,174
97,169
97,166
97,161
97,168
97,165
97,169
97,163
97,154
97,160
97,158
97,161
97,162
97,152
97,156
97,159
97,163
97,164
97,180
97,185
97,207
97,221
97,239
97,256
97,278
97,298
97,307
97,326
97,327
97,340
97,347
97,339
97,340
97,334
97,334
97,319
97,318
97,317
97,311
97,311
97,306
97,298
97,294
97,298
97,288
97,288
97,293
97,288
97,292
97,287
97,300
97,285
97,288
97,291
97,288
97,295
97,290
97,291
97,292
97,278
97,283
97,283
97,279
97,277
97,278
97,276
97,262
97,274
97,270
97,270
97,275
97,275
97,270
97,271
97,267
97,272
97,260
97,271
97,267
97,257
97,263
97,252
97,252
97,252
97,257
97,251
97,249
97,247
97,256
97,247
97,244
97,246
97,240
97,252
97,251
97,249
97,246
97,240
97,242
97,234
97,237
97,229
97,239
97,237
97,227
97,233
97,231
97,229
97,236
97,228
97,223
97,231
97,233
97,229
97,223
97,229
97,223
97,225
97,227
97,218
97,218
97,219
97,218
97,220
97,211
97,211
97,210
97,220
97,212
97,219
97,212
97,213
97,208
97,202
97,211
97,209
97,215
97,209
97,212
97,200
97,204
97,208
97,211
97,210
97,201
97,197
97,204
97,203
97,194
97,194
97,201
97,200
97,188
97,196
97,196
97,192
97,194
97,192
97,190
97,195
97,185
97,192
97,193
97,182
97,184
97,184
97,188
97,192
97,187
97,183
97,183
97,188
97,183
97,186
97,188
97,175
97,177
97,177
97,182
97,180
97,181
97,175
97,181
97,183
97,170
97,168
97,176
97,173
97,177
97,170
97,170
97,174
97,173
97,164
97,170
97,171
97,172
97,169
97,167
97,169
97,171
97,166
97,154
97,159
97,167
97,162
97,171
97,164
97,174
97,160
97,167
97,165
97,161
97,183
97,181
97,197
97,215
97,226
97,259
97,280
97,312
97,318
97,323
97,337
97,344
97,348
97,336
97,337
97,341
97,334
97,332
97,321
97,320
97,313
97,312
97,299
97,293
97,300
97,286
97,291
97,286
97,299
97,288
97,286
97,293
97,287
97,300
97,288
97,297
97,289
97,283
97,296
97,278
97,292
97,283
97,275
97,285
97,285
97,272
97,279
97,278
97,269
97,275
97,274
97,267
97,272
97,269
97,267
97,265
97,272
97,261
97,266
97,270
97,260
97,262
97,268
97,257
97,253
97,255
97,255
97,255
97,255
97,250
97,246
97,249
97,248
97,238
97,251
97,243
97,251
97,245
97,239
97,240
97,230
97,237
97,234
97,227
97,228
97,234
97,230
97,224
97,231
97,230
97,233
97,228
97,227
97,222
97,232
97,226
97,225
97,219
97,220
97,231
97,222
97,225
97,220
97,216
97,226
97,219
97,214
97,207
97,212
97,214
97,216
97,210
97,217
97,212
97,214
97,215
97,220
97,217
97,210
97,206
97,217
97,217
97,204
97,203
97,193
97,212
97,201
97,194
97,204
97,201
97,196
97,202
97,202
97,192
97,208
97,198
97,198
97,193
97,191
97,198
97,201
97,190
97,191
97,193
97,191
97,193
97,186
97,183
97,191
97,182
97,190
97,186
97,187
97,182
97,182
97,184
97,181
97,183
97,185
97,175
97,172
97,180
97,180
97,179
97,175
97,181
97,170
97,172
97,173
97,176
97,174
97,172
97,171
97,168
97,171
97,185
97,173
97,168
97,170
97,168
97,171
97,172
97,155
97,169
97,166
97,165
97,165
97,172
97,167
97,165
97,173
97,157
97,157
97,168
97,161
97,176
97,191
97,202
97,215
97,227
97,244
97,269
97,284
97,304
97,314
97,329
97,339
97,346
97,344
97,343
97,337
97,339
97,338
97,331
97,324
97,316
97,316
97,302
97,295
97,288
97,292
97,298
97,296
97,288
97,298
97,292
97,295
97,290
97,282
97,287
97,298
97,289
97,296
97,285
97,287
97,289
97,285
97,275
97,286
97,288
97,280
97,283
97,286
97,279
97,278
97,283
97,280
97,281
97,270
97,269
97,264
97,263
97,273
97,265
97,265
97,270
97,263
97,271
97,253
97,260
97,253
97,255
97,258
97,249
97,256
97,258
97,252
97,246
97,255
97,237
97,236
97,246
97,243
97,249
97,243
97,236
97,241
97,238
97,233
97,227
97,229
97,235
97,240
97,234
97,230
97,232
97,232
97,226
97,228
97,231
97,218
97,224
97,220
97,226
97,221
97,236
97,216
97,221
97,224
97,223
97,220
97,221
97,217
97,218
97,215
97,218
97,212
97,211
97,205
97,217
97,212
97,219
97,208
97,213
97,210
97,209
97,206
97,204
97,200
97,201
97,205
97,213
97,204
97,203
97,190
97,196
97,212
97,202
97,195
97,201
97,196
97,195
97,195
97,195
97,188
97,198
97,194
97,189
97,194
97,191
97,183
97,187
97,189
97,188
97,186
97,188
97,178
97,194
97,183
97,185
97,186
97,190
97,179
97,183
97,184
97,183
97,183
97,175
97,177
97,171
97,171
97,179
97,177
97,173
97,179
97,179
97,173
97,171
97,184
97,172
97,168
97,170
97,180
97,176
97,167
97,174
97,164
97,167
97,171
97,176
97,170
97,162
97,162
97,162
97,168
97,157
97,169
97,152
97,163
97,161
97,164
97,172
97,189
97,206
97,217
97,227
97,254
97,280
97,299
97,308
97,316
97,337
97,342
97,339
97,345
97,345
97,335
97,328
97,321
97,318
97,317
97,313
97,304
97,295
97,283
97,295
97,295
97,296
97,291
97,292
97,280
97,299
97,283
97,291
97,295
97,291
97,289
97,285
97,298
97,290
97,287
97,285
97,289
97,284
97,281
97,281
97,281
97,282
97,279
97,280
97,274
97,265
97,266
97,273
97,269
97,266
97,268
97,261
97,270
97,262
97,260
97,270
97,258
97,259
97,263
97,254
97,253
97,253
97,251
97,248
97,247
97,248
97,241
97,249
97,242
97,239
97,241
97,250
97,249
97,249
97,240
97,238
97,234
97,235
97,241
97,225
97,233
97,234
97,236
97,236
97,226
97,228
97,227
97,221
97,228
97,216
97,225
97,228
97,222
97,224
97,222
97,212
97,215
97,220
97,224
97,216
97,217
97,216
97,209
97,210
97,217
97,215
97,215
97,214
97,206
97,213
97,210
97,211
97,207
97,206
97,213
97,210
97,207
97,198
97,212
97,205
97,210
97,203
97,193
97,213
97,202
97,202
97,204
97,198
97,198
97,202
97,194
97,196
97,199
97,198
97,190
97,189
97,190
97,195
97,199
97,192
97,195
97,188
97,189
97,189
97,197
97,191
97,192
97,178
97,184
97,192
97,184
97,175
97,173
97,178
97,183
97,187
97,175
97,183
97,169
97,178
97,180
97,185
97,176
97,176
97,180
97,173
97,172
97,174
97,180
97,175
97,171
97,169
97,169
97,168
97,173
97,168
97,173
97,170
97,167
97,165
97,171
97,166
97,162
97,162
97,163
97,170
97,155
97,161
97,168
97,175
97,180
97,199
97,212
97,220
97,242
97,257
97,278
97,285
97,315
97,322
97,329
97,338
97,343
97,347
97,337
97,336
97,338
97,333
97,324
97,329
97,310
97,305
97,301
97,301
97,306
97,285
97,282
97,285
97,286
97,293
97,289
97,289
97,285
97,288
97,284
97,292
97,286
97,292
97,299
97,293
97,284
97,285
97,286
97,302
97,289
97,283
97,277
97,284
97,281
97,276
97,276
97,270
97,275
97,267
97,271
97,268
97,266
97,262
97,258
97,260
97,257
97,266
97,257
97,259
97,256
97,251
97,254
97,253
97,247
97,245
97,245
97,243
97,250
97,239
97,238
97,247
97,245
97,243
97,245
97,234
97,240
97,240
97,234
97,244
97,240
97,230
97,231
97,232
97,233
97,236
97,231
97,235
97,233
97,232
97,227
97,225
97,229
97,225
97,222
97,229
97,220
97,221
97,219
97,222
97,219
97,218
97,217
97,222
97,219
97,214
97,215
97,217
97,212
97,208
97,212
97,215
97,215
97,195
97,214
97,204
97,201
97,205
97,199
97,198
97,214
97,205
97,203
97,193
97,202
97,194
97,196
97,202
97,198
97,206
97,191
97,202
97,203
97,199
97,185
97,185
97,196
97,189
97,197
97,193
97,196
97,181
97,194
97,181
97,191
97,190
97,190
97,189
97,183
97,178
97,189
97,193
97,177
97,185
97,183
97,175
97,175
97,184
97,179
97,178
97,192
97,176
97,178
97,174
97,174
97,168
97,177
97,175
97,174
97,178
97,173
97,169
97,179
97,175
97,170
97,172
97,160
97,167
97,174
97,169
97,166
97,164
97,161
97,164
97,163
97,165
97,168
97,166
97,161
97,168
97,161
97,156
97,185
97,191
97,209
97,224
97,239
97,261
97,281
97,295
97,317
97,327
97,342
97,343
97,336
97,344
97,335
97,333
97,331
97,330
97,325
97,318
97,312
97,305
97,301
97,302
97,292
97,290
97,288
97,289
97,292
97,288
97,295
97,275
97,288
97,300
97,300
97,287
97,289
97,297
97,297
97,295
97,295
97,289
97,295
97,288
97,277
97,282
97,282
97,273
97,272
97,285
97,279
97,268
97,268
97,270
97,269
97,273
97,271
97,264
97,266
97,261
97,259
97,259
97,260
97,258
97,250
97,259
97,242
97,255
97,250
97,256
97,246
97,249
97,244
97,250
97,239
97,235
97,246
97,247
97,244
97,235
97,241
97,233
97,234
97,244
97,237
97,231
97,231
97,236
97,237
97,231
97,225
97,234
97,230
97,228
97,236
97,228
97,232
97,227
97,232
97,224
97,228
97,223
97,225
97,214
97,230
97,216
97,216
97,216
97,207
97,212
97,221
97,205
97,211
97,205
97,207
97,219
97,209
97,203
97,201
97,210
97,207
97,209
97,207
97,199
97,200
97,202
97,198
97,208
97,201
97,202
97,202
97,202
97,205
97,193
97,196
97,201
97,194
97,195
97,193
97,199
97,191
97,197
97,190
97,180
97,187
97,193
97,185
97,185
97,182
97,188
97,187
97,185
97,180
97,188
97,198
97,182
97,179
97,189
97,174
97,181
97,173
97,178
97,177
97,179
97,182
97,185
97,183
97,181
97,173
97,179
97,181
97,183
97,167
97,165
97,178
97,170
97,169
97,167
97,160
97,169
97,167
97,169
97,161
97,171
97,168
97,165
97,164
97,162
97,166
97,160
97,167
97,166
97,162
97,153
97,157
97,172
97,177
97,200
97,215
97,228
97,271
97,282
97,298
97,321
97,321
97,335
97,337
97,344
97,344
97,345
97,335
97,335
97,323
97,319
97,323
97,305
97,313
97,301
97,292
97,301
97,289
97,293
97,294
97,289
97,293
97,294
97,287
97,296
97,289
97,293
97,298
97,290
97,293
97,293
97,288
97,285
97,281
97,284
97,281
97,284
97,274
97,287
97,277
97,277
97,273
97,271
97,277
97,273
97,266
97,269
97,274
97,275
97,258
97,275
97,268
97,270
97,256
97,252
97,253
97,254
97,254
97,253
97,255
97,244
97,245
97,242
97,244
97,257
97,240
97,250
97,236
97,244
97,245
97,244
97,244
97,237
97,242
97,238
97,234
97,241
97,241
97,235
97,232
97,234
97,232
97,232
97,239
97,234
97,226
97,239
97,232
97,222
97,227
97,224
97,229
97,221
97,219
97,222
97,225
97,227
97,226
97,219
97,221
97,215
97,209
97,218
97,209
97,211
97,209
97,211
97,202
97,211
97,209
97,202
97,206
97,206
97,208
97,203
97,210
97,208
97,198
97,209
97,208
97,206
97,194
97,203
97,196
97,199
97,198
97,200
97,198
97,185
97,194
97,200
97,195
97,200
97,183
97,197
97,204
97,194
97,194
97,190
97,192
97,202
97,184
97,177
97,192
97,179
97,187
97,187
97,187
97,180
97,181
97,181
97,179
97,181
97,189
97,180
97,186
97,174
97,176
97,180
97,178
97,173
97,172
97,179
97,173
97,172
97,173
97,167
97,164
97,174
97,168
97,165
97,175
97,163
97,168
97,162
97,173
97,166
97,163
97,163
97,165
97,169
97,162
97,167
97,166
97,164
97,157
97,164
97,171
97,191
97,206
97,216
97,237
97,259
97,277
97,290
97,303
97,313
97,330
97,342
97,341
97,335
97,349
97,335
97,341
97,333
97,325
97,322
97,319
97,306
97,303
97,301
97,300
97,290
97,293
97,287
97,290
97,286
97,292
97,284
97,294
97,287
97,302
97,286
97,290
97,288
97,285
97,300
97,294
97,293
97,284
97,284
97,288
97,283
97,281
97,281
97,274
97,272
97,278
97,264
97,275
97,263
97,268
97,264
97,265
97,264
97,264
97,261
97,254
97,255
97,255
97,255
97,260
97,251
97,252
97,252
97,256
97,250
97,256
97,248
97,253
97,247
97,247
97,243
97,249
97,241
97,239
97,242
97,245
97,234
97,235
97,243
97,246
97,234
97,239
97,233
97,235
97,238
97,230
97,238
97,225
97,231
97,227
97,224
97,230
97,227
97,223
97,223
97,230
97,226
97,218
97,212
97,217
97,218
97,217
97,211
97,223
97,210
97,214
97,214
97,219
97,214
97,213
97,218
97,213
97,209
97,215
97,202
97,209
97,200
97,205
97,208
97,211
97,204
97,203
97,202
97,195
97,204
97,198
97,208
97,197
97,199
97,196
97,197
97,201
97,194
97,195
97,184
97,191
97,201
97,187
97,187
97,193
97,187
97,182
97,185
97,186
97,192
97,192
97,187
97,175
97,186
97,176
97,183
97,194
97,185
97,177
97,182
97,178
97,170
97,179
97,176
97,178
97,169
97,171
97,176
97,177
97,178
97,181
97,180
97,182
97,170
97,180
97,170
97,173
97,176
97,169
97,176
97,165
97,168
97,177
97,168
97,162
97,166
97,161
97,171
97,164
97,163
97,161
97,168
97,153
97,162
97,162
97,174
97,173
97,183
97,204
97,220
97,235
97,266
97,282
97,297
97,305
97,320
97,334
97,338
97,347
97,346
97,334
97,333
97,337
97,323
97,314
97,308
97,313
97,309
97,306
97,295
97,292
97,301
97,300
97,282
97,292
97,287
97,285
97,288
97,285
97,287
97,280
97,292
97,302
97,287
97,290
97,292
97,293
97,283
97,286
97,285
97,280
97,276
97,281
97,270
97,284
97,267
97,272
97,276
97,266
97,273
97,267
97,266
97,267
97,260
97,260
97,264
97,255
97,263
97,258
97,259
97,256
97,257
97,256
97,255
97,251
97,245
97,246
97,244
97,252
97,243
97,241
97,238
97,246
97,246
97,241
97,245
97,249
97,242
97,235
97,247
97,233
97,239
97,234
97,234
97,234
97,228
97,231
97,221
97,227
97,241
97,235
97,229
97,225
97,233
97,222
97,218
97,225
97,221
97,226
97,221
97,216
97,223
97,224
97,218
97,224
97,218
97,209
97,211
97,210
97,211
97,209
97,206
97,213
97,202
97,213
97,210
97,207
97,205
97,211
97,208
97,210
97,206
97,208
97,209
97,203
97,198
97,188
97,211
97,199
97,193
97,196
97,202
97,194
97,182
97,185
97,195
97,195
97,200
97,184
97,188
97,191
97,181
97,192
97,188
97,183
97,181
97,189
97,181
97,183
97,192
97,186
97,183
97,184
97,190
97,181
97,177
97,177
97,178
97,186
97,179
97,180
97,182
97,183
97,178
97,177
97,172
97,180
97,170
97,179
97,172
97,174
97,169
97,170
97,181
97,162
97,163
97,163
97,168
97,169
97,169
97,166
97,165
97,169
97,165
97,178
97,170
97,155
97,166
97,167
97,161
97,171
97,172
97,181
97,212
97,223
97,245
97,259
97,281
97,301
97,319
97,326
97,340
97,345
97,355
97,339
97,342
97,337
97,333
97,337
97,326
97,316
97,327
97,313
97,303
97,300
97,301
97,301
97,288
97,290
97,289
97,287
97,295
97,297
97,294
97,292
97,293
97,292
97,298
97,284
97,290
97,279
97,291
97,289
97,284
97,283
97,283
97,284
97,277
97,278
97,276
97,275
97,272
97,269
97,284
97,271
97,267
97,267
97,269
97,272
97,269
97,258
97,260
97,257
97,261
97,253
97,260
97,261
97,248
97,251
97,253
97,251
97,254
97,248
97,256
97,242
97,249
97,245
97,245
97,243
97,238
97,240
97,241
97,239
97,242
97,229
97,242
97,239
97,239
97,237
97,240
97,231
97,227
97,231
97,233
97,234
97,235
97,220
97,226
97,230
97,228
97,218
97,221
97,222
97,224
97,224
97,215
97,210
97,219
97,220
97,210
97,213
97,223
97,213
97,217
97,209
97,218
97,209
97,214
97,210
97,215
97,203
97,211
97,205
97,204
97,213
97,200
97,208
97,201
97,201
97,200
97,204
97,201
97,205
97,201
97,206
97,198
97,200
97,194
97,193
97,190
97,201
97,194
97,191
97,193
97,180
97,197
97,195
97,191
97,191
97,191
97,191
97,183
97,189
97,187
97,193
97,176
97,186
97,182
97,182
97,179
97,175
97,182
97,175
97,172
97,183
97,185
97,184
97,173
97,179
97,187
97,173
97,176
97,183
97,172
97,177
97,161
97,168
97,171
97,169
97,173
97,173
97,174
97,169
97,167
97,173
97,169
97,168
97,164
97,171
97,167
97,162
97,169
97,160
97,170
97,166
97,157
97,179
97,178
97,200
97,205
97,227
97,255
97,273
97,300
97,309
97,318
97,334
97,341
97,349
97,340
97,349
97,342
97,345
97,340
97,330
97,324
97,321
97,310
97,307
97,296
97,300
97,291
97,286
97,289
97,291
97,288
97,291
97,281
97,293
97,294
97,296
97,298
97,287
97,288
97,288
97,296
97,286
97,291
97,281
97,285
97,295
97,285
97,289
97,283
97,281
97,273
97,273
97,272
97,273
97,274
97,274
97,272
97,271
97,266
97,268
97,271
97,255
97,259
97,254
97,255
97,258
97,256
97,253
97,252
97,260
97,250
97,240
97,253
97,247
97,251
97,237
97,241
97,249
97,248
97,244
97,234
97,237
97,241
97,239
97,244
97,237
97,235
97,240
97,232
97,227
97,234
97,231
97,238
97,231
97,226
97,233
97,231
97,234
97,228
97,223
97,213
97,223
97,221
97,227
97,225
97,214
97,211
97,210
97,222
97,216
97,211
97,213
97,213
97,219
97,210
97,215
97,213
97,213
97,204
97,206
97,212
97,207
97,210
97,208
97,211
97,205
97,206
97,207
97,207
97,203
97,202
97,206
97,195
97,204
97,206
97,204
97,192
97,192
97,199
97,194
97,189
97,191
97,194
97,191
97,190
97,190
97,192
97,193
97,189
97,190
97,195
97,183
97,189
97,183
97,184
97,187
97,187
97,185
97,190
97,191
97,189
97,175
97,179
97,183
97,178
97,179
97,173
97,183
97,178
97,182
97,176
97,174
97,171
97,177
97,171
97,174
97,169
97,174
97,173
97,169
97,165
97,168
97,166
97,172
97,172
97,166
97,173
97,167
97,166
97,158
97,163
97,165
97,171
97,159
97,168
97,159
97,170
97,175
97,195
97,195
97,212
97,235
97,254
97,273
97,297
97,313
97,325
97,344
97,336
97,345
97,347
97,346
97,344
97,345
97,322
97,320
97,322
97,311
97,310
97,307
97,302
97,304
97,292
97,294
97,289
97,294
97,281
97,284
97,290
97,291
97,284
97,287
97,296
97,289
97,300
97,288
97,289
97,292
97,291
97,295
97,287
97,281
97,275
97,289
97,282
97,276
97,276
97,278
97,278
97,273
97,262
97,273
97,273
97,275
97,262
97,274
97,264
97,260
97,258
97,266
97,259
97,253
97,249
97,253
97,253
97,250
97,253
97,256
97,249
97,246
97,251
97,254
97,244
97,244
97,244
97,238
97,238
97,238
97,243
97,236
97,238
97,233
97,238
97,233
97,238
97,239
97,232
97,236
97,239
97,232
97,231
97,229
97,226
97,228
97,221
97,231
97,224
97,224
97,229
97,225
97,226
97,216
97,220
97,219
97,220
97,226
97,217
97,222
97,214
97,206
97,213
97,211
97,204
97,208
97,213
97,214
97,203
97,210
97,209
97,207
97,212
97,212
97,204
97,205
97,197
97,205
97,195
97,198
97,206
97,205
97,196
97,196
97,197
97,195
97,193
97,200
97,190
97,199
97,191
97,202
97,193
97,193
97,192
97,181
97,190
97,193
97,181
97,182
97,194
97,185
97,178
97,176
97,184
97,182
97,183
97,180
97,183
97,184
97,182
97,179
97,175
97,182
97,186
97,173
97,183
97,180
97,174
97,180
97,165
97,171
97,172
97,169
97,173
97,173
97,172
97,169
97,175
97,172
97,168
97,162
97,167
97,174
97,183
97,165
97,176
97,166
97,163
97,167
97,164
97,157
97,157
97,172
97,165
97,189
97,202
97,224
97,244
97,265
97,285
97,306
97,309
97,319
97,335
97,339
97,346
97,348
97,345
97,334
97,339
97,332
97,326
97,316
97,310
97,301
97,305
97,296
97,296
97,296
97,290
97,299
97,292
97,298
97,284
97,286
97,282
97,289
97,292
97,293
97,298
97,295
97,292
97,296
97,291
97,288
97,286
97,292
97,281
97,287
97,275
97,277
97,263
97,278
97,292
97,268
97,281
97,273
97,267
97,271
97,274
97,276
97,266
97,256
97,262
97,263
97,257
97,261
97,250
97,251
97,254
97,253
97,250
97,259
97,251
97,254
97,253
97,254
97,254
97,243
97,246
97,241
97,249
97,242
97,243
97,244
97,242
97,242
97,233
97,242
97,234
97,238
97,235
97,226
97,231
97,223
97,233
97,223
97,221
97,228
97,226
97,221
97,222
97,227
97,220
97,222
97,213
97,215
97,217
97,228
97,217
97,218
97,212
97,220
97,218
97,220
97,226
97,209
97,212
97,208
97,213
97,212
97,212
97,199
97,205
97,210
97,202
97,215
97,210
97,206
97,207
97,202
97,210
97,200
97,197
97,199
97,200
97,188
97,201
97,194
97,197
97,207
97,193
97,198
97,189
97,190
97,192
97,193
97,187
97,195
97,191
97,186
97,195
97,191
97,187
97,181
97,185
97,182
97,182
97,188
97,181
97,180
97,182
97,180
97,177
97,176
97,176
97,182
97,179
97,175
97,170
97,174
97,180
97,177
97,171
97,174
97,172
97,176
97,171
97,171
97,177
97,181
97,170
97,164
97,178
97,176
97,162
97,166
97,170
97,173
97,166
97,165
97,166
97,162
97,160
97,172
97,163
97,163
97,166
97,173
97,185
97,195
97,219
97,230
97,248
97,273
97,293
97,303
97,320
97,328
97,337
97,353
97,338
97,349
97,334
97,344
97,338
97,327
97,316
97,309
97,311
97,310
97,301
97,302
97,287
97,293
97,295
97,286
97,286
97,286
97,293
97,295
97,289
97,284
97,288
97,295
97,292
97,290
97,293
97,284
97,292
97,291
97,287
97,283
97,287
97,286
97,289
97,283
97,274
97,277
97,274
97,271
97,268
97,274
97,272
97,267
97,261
97,271
97,269
97,256
97,257
97,252
97,255
97,252
97,258
97,254
97,257
97,250
97,252
97,252
97,250
97,255
97,242
97,248
97,255
97,247
97,237
97,245
97,240
97,238
97,234
97,240
97,240
97,244
97,239
97,238
97,233
97,236
97,234
97,242
97,223
97,225
97,226
97,226
97,231
97,221
97,229
97,231
97,222
97,225
97,224
97,215
97,220
97,218
97,224
97,212
97,220
97,212
97,219
97,207
97,215
97,214
97,215
97,201
97,207
97,206
97,202
97,205
97,199
97,210
97,207
97,207
97,206
97,201
97,218
97,209
97,200
97,207
97,201
97,198
97,203
97,216
97,195
97,198
97,203
97,198
97,186
97,199
97,195
97,199
97,194
97,194
97,196
97,185
97,197
97,189
97,193
97,192
97,181
97,184
97,176
97,186
97,185
97,184
97,179
97,187
97,187
97,187
97,180
97,181
97,182
97,178
97,178
97,175
97,179
97,182
97,175
97,172
97,178
97,176
97,171
97,168
97,176
97,178
97,170
97,168
97,173
97,172
97,163
97,164
97,166
97,181
97,165
97,167
97,163
97,170
97,168
97,162
97,164
97,173
97,164
97,167
97,166
97,163
97,168
97,169
97,193
97,201
97,221
97,231
97,250
97,271
97,294
97,312
97,336
97,343
97,338
97,343
97,340
97,344
97,340
97,329
97,341
97,321
97,318
97,310
97,309
97,309
97,293
97,287
97,295
97,292
97,294
97,286
97,295
97,278
97,287
97,294
97,291
97,297
97,290
97,295
97,291
97,286
97,293
97,282
97,286
97,285
97,284
97,284
97,277
97,280
97,275
97,277
97,267
97,283
97,271
97,282
97,270
97,275
97,278
97,276
97,272
97,266
97,255
97,270
97,251
97,256
97,253
97,247
97,257
97,245
97,248
97,251
97,251
97,253
97,248
97,240
97,239
97,241
97,243
97,247
97,241
97,247
97,244
97,251
97,238
97,242
97,246
97,236
97,234
97,232
97,234
97,242
97,233
97,228
97,233
97,237
97,226
97,227
97,236
97,224
97,219
97,231
97,224
97,220
97,218
97,218
97,224
97,219
97,218
97,225
97,224
97,221
97,207
97,216
97,207
97,205
97,209
97,207
97,212
97,215
97,213
97,205
97,207
97,216
97,212
97,206
97,203
97,211
97,202
97,196
97,207
97,208
97,203
97,205
97,206
97,196
97,197
97,201
97,192
97,200
97,198
97,202
97,194
97,199
97,194
97,196
97,208
97,186
97,189
97,187
97,185
97,193
97,197
97,183
97,189
97,177
97,192
97,196
97,190
97,193
97,180
97,186
97,181
97,175
97,175
97,186
97,183
97,175
97,177
97,171
97,174
97,179
97,176
97,168
97,170
97,172
97,176
97,165
97,170
97,173
97,171
97,179
97,176
97,171
97,167
97,172
97,167
97,173
97,159
97,171
97,163
97,180
97,165
97,161
97,169
97,160
97,161
97,173
97,184
97,194
97,206
97,224
97,248
97,263
97,281
97,299
97,313
97,331
97,335
97,337
97,350
97,347
97,343
97,340
97,328
97,327
97,319
97,328
97,313
97,309
97,304
97,311
97,297
97,299
97,293
97,299
97,291
97,291
97,289
97,296
97,295
97,296
97,289
97,294
97,297
97,294
97,296
97,286
97,294
97,284
97,292
97,286
97,287
97,287
97,292
97,282
97,280
97,276
97,280
97,270
97,264
97,262
97,269
97,269
97,276
97,270
97,259
97,263
97,260
97,265
97,256
97,257
97,259
97,259
97,252
97,252
97,252
97,253
97,242
97,251
97,247
97,250
97,241
97,244
97,244
97,247
97,234
97,232
97,238
97,246
97,242
97,240
97,240
97,237
97,234
97,241
97,234
97,236
97,228
97,228
97,233
97,231
97,226
97,225
97,219
97,233
97,227
97,227
97,224
97,222
97,232
97,223
97,215
97,210
97,225
97,216
97,210
97,222
97,223
97,215
97,217
97,220
97,215
97,211
97,212
97,209
97,207
97,217
97,210
97,204
97,204
97,217
97,213
97,209
97,206
97,198
97,205
97,202
97,192
97,198
97,194
97,191
97,204
97,198
97,185
97,199
97,199
97,207
97,196
97,187
97,193
97,198
97,196
97,191
97,199
97,189
97,199
97,190
97,193
97,187
97,196
97,181
97,191
97,188
97,186
97,183
97,182
97,187
97,180
97,180
97,180
97,175
97,180
97,174
97,177
97,173
97,177
97,173
97,177
97,173
97,176
97,178
97,174
97,166
97,167
97,162
97,169
97,173
97,164
97,170
97,162
97,170
97,162
97,164
97,163
97,173
97,168
97,174
97,160
97,165
97,161
97,172
97,169
97,171
97,178
97,189
97,209
97,243
97,244
97,270
97,281
97,303
97,317
97,331
97,339
97,341
97,347
97,342
97,340
97,341
97,337
97,329
97,320
97,318
97,318
97,311
97,298
97,290
97,295
97,289
97,287
97,293
97,292
97,289
97,291
97,296
97,288
97,294
97,298
97,294
97,294
97,288
97,293
97,290
97,287
97,286
97,284
97,282
97,286
97,274
97,278
97,280
97,279
97,272
97,271
97,266
97,274
97,267
97,278
97,265
97,265
97,262
97,257
97,267
97,255
97,262
97,261
97,257
97,255
97,263
97,254
97,251
97,251
97,246
97,249
97,253
97,253
